01003,0010,Alabama,30.497478,-87.880258	
01005,0002,Alabama,31.664137,-85.606234	
01055,0008,Alabama,34.015,-86.012222	
01073,0023,Alabama,33.553056,-86.815	
01073,0028,Alabama,33.529444,-86.850278	
01073,1009,Alabama,33.459722,-87.305556	
01073,2003,Alabama,33.499722,-86.924167	
01073,5002,Alabama,33.704722,-86.669167	
01073,5501,Alabama,33.55724,-86.819499	
01073,5502,Alabama,33.5448,-86.8239	
01073,5503,Alabama,33.5684,-86.8029	
01073,5504,Alabama,33.5784,-86.7718	
01073,5505,Alabama,33.556633,-86.805464	
01073,6002,Alabama,33.578333,-86.773889	
01073,6004,Alabama,33.565278,-86.796389	
01079,0002,Alabama,34.342904,-87.33973	
01089,0003,Alabama,34.72874,-86.58501	
01089,0014,Alabama,34.68767,-86.58637	
01097,0003,Alabama,30.769941,-88.087526	
01097,3101,Alabama,30.7703,-88.0875	
01097,3102,Alabama,30.7089,-88.0519	
01097,3103,Alabama,30.9383,-88.025	
01097,3104,Alabama,30.6156,-88.3444	
01097,3105,Alabama,30.5764,-88.1403	
01101,1002,Alabama,32.40712,-86.256367	
01103,0011,Alabama,34.518735,-86.976939	
01113,0001,Alabama,32.472136,-85.005028	
01117,0004,Alabama,33.317316,-86.825092	
02013,0002,Alaska,55.324675,-160.508331	
02020,0018,Alaska,61.205861,-149.824602	
02068,0003,Alaska,63.7232,-148.9676	
02090,0010,Alaska,64.840672,-147.722461	
02090,0034,Alaska,64.84569,-147.727413	
02090,0035,Alaska,64.762973,-147.310297	
02122,0009,Alaska,59.982667,-152.661089	
02122,9000,Alaska,60.012315,-151.711491	
02170,0011,Alaska,62.314754,-150.317909	
02188,9000,Alaska,67.091949,-157.874821	
02280,9000,Alaska,56.61076,-132.81234	
02290,9000,Alaska,66.93093,-151.49188	
04001,8001,Arizona,34.058475,-109.441259	
04003,1005,Arizona,31.3492,-109.539683	
04003,8001,Arizona,32.00941,-109.38906	
04005,2002,Arizona,36.080556,-112.155	
04005,8100,Arizona,36.077814,-112.129551	
04005,8101,Arizona,36.077614,-112.129651	
04005,8102,Arizona,35.973117,-111.984846	
04005,8103,Arizona,35.140635,-111.969938	
04005,9000,Arizona,35.1639,-111.9823	
04007,0010,Arizona,33.6547,-111.1074	
04007,8020,Arizona,33.002405,-110.78485	
04007,8021,Arizona,32.99304,-110.771458	
04007,8100,Arizona,34.090866,-110.942801	
04013,0019,Arizona,33.48385,-112.14257	
04013,4003,Arizona,33.40316,-112.07533	
04013,4005,Arizona,33.4124,-111.93473	
04013,4009,Arizona,33.40642,-112.14434	
04013,7003,Arizona,33.290229,-112.160597	
04013,7020,Arizona,33.488242,-111.855654	
04013,8006,Arizona,33.4349,-112.093	
04013,9812,Arizona,33.4265,-112.11814	
04013,9997,Arizona,33.503833,-112.095767	
04013,9998,Arizona,33.455277,-111.996111	
04015,1011,Arizona,35.588726,-113.489025	
04015,1111,Arizona,34.55199,-113.372362	
04015,9000,Arizona,36.019302,-114.069205	
04017,0119,Arizona,34.82251,-109.89249	
04019,0005,Arizona,31.95,-112.801	
04019,0021,Arizona,32.174538,-110.737116	
04019,1009,Arizona,32.27229,-110.989079	
04019,1017,Arizona,32.223611,-110.891667	
04019,1023,Arizona,32.222103,-110.893842	
04019,1028,Arizona,32.29515,-110.9823	
04019,9000,Arizona,32.248712,-111.218494	
04021,8001,Arizona,33.293465,-111.285594	
04023,9000,Arizona,31.33745,-110.93715	
04025,0005,Arizona,34.42888,-112.961944	
04025,8104,Arizona,34.340556,-111.683923	
05003,0005,Arkansas,33.136862,-91.950377	
05035,0005,Arkansas,35.197288,-90.193141	
05089,0001,Arkansas,36.084167,-92.586667	
05091,0096,Arkansas,33.1875,-94.023889	
05101,9000,Arkansas,35.825893,-93.203187	
05113,0003,Arkansas,34.454406,-94.143316	
05119,0007,Arkansas,34.756189,-92.281296	
05119,1007,Arkansas,34.744931,-92.320064	
05139,0004,Arkansas,33.213889,-92.668611	
05145,0001,Arkansas,35.24894,-91.715596	
06001,0003,California,37.6849,-121.7659	
06001,0006,California,37.710229,-122.116899	
06001,0007,California,37.687526,-121.784217	
06001,0008,California,37.817118,-122.280454	
06001,0009,California,37.743065,-122.169935	
06001,0011,California,37.814781,-122.282347	
06001,0012,California,37.793624,-122.263376	
06001,0013,California,37.864767,-122.302741	
06001,1001,California,37.535833,-121.961823	
06001,2003,California,37.816514,-122.23062	
06001,2004,California,37.877794,-122.30129	
06001,2005,California,37.689615,-121.631916	
06001,5001,California,37.718442,-122.160997	
06005,0010,California,38.288889,-120.909722	
06007,0002,California,39.757371,-121.843286	
06007,0005,California,39.729444,-121.842222	
06007,0008,California,39.761538,-121.84162	
06013,0002,California,37.936013,-122.026154	
06013,0003,California,37.95,-122.356111	
06013,0006,California,37.948172,-122.364852	
06013,1001,California,38.05492,-122.233229	
06013,1002,California,38.006311,-121.641918	
06013,1003,California,37.9642,-122.3403	
06013,1004,California,37.9604,-122.356811	
06013,2001,California,38.012816,-122.134467	
06013,2003,California,38.0096,-121.8211	
06013,2004,California,38.0066,-122.0908	
06013,2005,California,37.90872,-122.071	
06013,2006,California,38.0106,-122.0291	
06013,2007,California,37.743649,-121.934188	
06013,3001,California,38.029258,-121.896866	
06015,0002,California,41.560952,-124.083964	
06017,0008,California,38.933056,-119.966667	
06017,9000,California,38.976,-120.103506	
06017,9001,California,38.9248,-119.97	
06019,0008,California,36.781333,-119.77319	
06019,0011,California,36.785322,-119.774174	
06019,3002,California,36.60722,-119.53972	
06019,4001,California,36.59745,-119.504569	
06019,5001,California,36.819111,-119.717356	
06019,9000,California,37.22064,-119.155557	
06023,0010,California,40.884722,-123.991389	
06025,0004,California,32.673889,-115.503056	
06025,0005,California,32.676186,-115.484144	
06025,1003,California,32.79222,-115.56306	
06027,0002,California,37.360684,-118.330783	
06027,0101,California,36.508611,-116.847778	
06027,1001,California,36.049402,-117.943927	
06027,1003,California,36.487823,-117.871036	
06029,0004,California,35.375,-119.021667	
06029,0009,California,35.361111,-119.059167	
06029,0010,California,35.385574,-119.015009	
06029,0014,California,35.356092,-119.041209	
06029,2004,California,35.142222,-119.46	
06029,2012,California,35.331302,-119.000974	
06029,5001,California,35.208295,-118.785374	
06029,6001,California,35.503587,-119.272606	
06029,9001,California,34.821922,-118.887598	
06029,9002,California,34.828862,-118.879126	
06029,9901,California,35.69868,-118.203013	
06031,0003,California,36.086111,-119.5625	
06031,0004,California,36.10218,-119.566954	
06033,3010,California,38.77453,-122.6995	
06033,3011,California,38.84846,-122.75797	
06037,0002,California,34.1365,-117.92391	
06037,1002,California,34.17605,-118.31712	
06037,1103,California,34.06659,-118.22688	
06037,1601,California,34.01407,-118.06056	
06037,1602,California,34.01194,-118.06995	
06037,4002,California,33.82376,-118.18921	
06037,5001,California,33.92288,-118.37026	
06037,5005,California,33.9508,-118.43043	
06037,5501,California,33.94156,-118.3658	
06037,5502,California,34.08723,-118.02784	
06037,5503,California,34.03168,-118.21674	
06037,6002,California,34.3875,-118.533611	
06037,6012,California,34.38344,-118.5284	
06037,9000,California,34.37892,-117.69211	
06037,9034,California,34.813034,-118.884819	
06039,0001,California,36.954722,-120.036389	
06039,0004,California,36.866667,-120.01	
06041,0001,California,37.97231,-122.520004	
06041,0002,California,38.122979,-122.90944	
06041,0004,California,37.832725,-122.527658	
06043,0003,California,37.71325,-119.7062	
06051,9000,California,38.088023,-119.178069	
06055,0003,California,38.310942,-122.296189	
06059,0007,California,33.83062,-117.93845	
06061,0006,California,38.745726,-121.266312	
06063,1008,California,39.791667,-120.471667	
06063,1009,California,39.808333,-120.471667	
06063,1010,California,39.81336,-120.47069	
06065,0012,California,33.92086,-116.85841	
06065,1016,California,33.944713,-116.830074	
06065,3011,California,33.796533,-116.974417	
06065,3012,California,33.76485,-116.9569	
06065,8001,California,33.99958,-117.41601	
06065,9000,California,33.463644,-116.971457	
06067,0001,California,38.667222,-121.250278	
06067,0006,California,38.613779,-121.368014	
06067,0010,California,38.558228,-121.492981	
06067,0011,California,38.302591,-121.420838	
06067,0012,California,38.683304,-121.164457	
06067,0013,California,38.636944,-121.513333	
06069,0003,California,36.48324,-121.15688	
06071,0006,California,35.76,-117.373889	
06071,0014,California,34.5125,-117.33	
06071,1004,California,34.10374,-117.62914	
06071,2002,California,34.10002,-117.49201	
06071,9002,California,34.06957,-116.38893	
06071,9010,California,34.193925,-116.914063	
06073,0001,California,32.631231,-117.059075	
06073,0003,California,32.791194,-116.942092	
06073,0006,California,32.836461,-117.128752	
06073,1002,California,33.127711,-117.075325	
06073,1006,California,32.842242,-116.768225	
06073,1007,California,32.709172,-117.153975	
06073,1008,California,33.217025,-117.396158	
06073,1009,California,32.698611,-117.132222	
06073,1010,California,32.701492,-117.149653	
06073,1014,California,32.579361,-116.929486	
06073,1018,California,32.817978,-116.968133	
06073,1022,California,32.789561,-116.944222	
06073,2007,California,32.552164,-116.937772	
06073,5501,California,33.272583,-116.95675	
06075,0005,California,37.765946,-122.399044	
06075,0006,California,37.7338,-122.3824	
06077,1002,California,37.950741,-121.268523	
06077,3002,California,37.74,-121.531944	
06077,3003,California,37.738056,-121.534444	
06079,1005,California,35.043889,-120.580278	
06081,1001,California,37.482934,-122.20337	
06083,0010,California,34.421389,-119.701111	
06083,2015,California,34.433471,-119.86409	
06083,9000,California,34.733889,-120.008349	
06085,0004,California,37.339666,-121.888575	
06085,0005,California,37.348497,-121.894898	
06085,0006,California,37.338135,-121.849783	
06085,1002,California,37.3735,-122.077	
06085,2003,California,37.3062,-121.84885	
06085,2004,California,37.323056,-121.926111	
06085,2005,California,37.3915,-121.8422	
06085,2007,California,37.355475,-122.050845	
06085,2008,California,37.402244,-122.066597	
06085,2009,California,37.318435,-122.069705	
06085,3001,California,37.316667,-121.926667	
06085,5506,California,37.32756,-122.0646	
06089,3003,California,40.53999,-121.57646	
06093,0005,California,41.711825,-121.509993	
06095,0004,California,38.102507,-122.237976	
06095,0006,California,38.0656,-122.1507	
06097,0003,California,38.443503,-122.710169	
06097,0004,California,38.403765,-122.818294	
06099,0002,California,37.648889,-120.996667	
06099,0003,California,37.641667,-120.993611	
06099,0005,California,37.641583,-120.994622	
06105,9000,California,40.786247,-122.805707	
06107,1001,California,36.498835,-118.824821	
06107,2002,California,36.332179,-119.291228	
06111,2002,California,34.276362,-118.683757	
06111,2003,California,34.2804,-119.313611	
06111,3001,California,34.252378,-119.143176	
08001,0001,Colorado,39.827594,-104.937668	
08001,0005,Colorado,39.796009,-104.977538	
08001,0006,Colorado,39.826007,-104.937438	
08001,3001,Colorado,39.838119,-104.94984	
08003,9000,Colorado,37.724919,-105.519073	
08013,7001,Colorado,40.013783,-105.25405	
08013,7002,Colorado,40.1489,-105.059233	
08013,7003,Colorado,40.204183,-105.248233	
08013,7004,Colorado,40.03625,-105.543383	
08013,7005,Colorado,39.9572,-105.23847	
08031,0002,Colorado,39.751184,-104.987625	
08031,0015,Colorado,39.698008,-104.987111	
08031,0023,Colorado,39.781083,-104.95665	
08031,0025,Colorado,39.704005,-104.998113	
08031,0026,Colorado,39.77949,-105.00518	
08031,0602,Colorado,39.788333,-104.986667	
08031,0603,Colorado,39.795,-104.976944	
08031,1601,Colorado,39.777222,-104.985556	
08031,8001,Colorado,39.743499,-105.0081	
08031,8005,Colorado,39.783546,-104.955857	
08035,0004,Colorado,39.534488,-105.070358	
08037,0612,Colorado,39.563056,-106.414444	
08041,0011,Colorado,38.828042,-104.827739	
08045,0005,Colorado,39.453654,-108.053259	
08045,0007,Colorado,39.531813,-107.782298	
08045,0009,Colorado,39.487755,-107.659685	
08045,0015,Colorado,40.085,-107.312	
08045,0018,Colorado,39.412278,-107.230397	
08045,0019,Colorado,39.43806,-108.02611	
08045,0020,Colorado,39.5464,-107.3286	
08057,9000,Colorado,40.5383,-106.6766	
08059,0006,Colorado,39.912799,-105.188587	
08067,0008,Colorado,37.267684,-107.874589	
08067,1004,Colorado,37.30389,-107.484167	
08067,5501,Colorado,37.122872,-107.862514	
08069,0007,Colorado,40.27813,-105.54564	
08069,0011,Colorado,40.592543,-105.141122	
08069,9000,Colorado,40.362381,-105.564396	
08077,0003,Colorado,39.0916,-108.563775	
08077,0016,Colorado,39.058889,-108.554444	
08077,0017,Colorado,39.063798,-108.561173	
08077,0018,Colorado,39.064289,-108.56155	
08083,0101,Colorado,37.1984,-108.49046	
08097,0002,Colorado,39.154,-106.821	
08101,0013,Colorado,38.23889,-104.58434	
08101,0014,Colorado,38.244167,-104.606241	
08103,9000,Colorado,39.9153,-107.6345	
08107,9000,Colorado,40.444973,-106.740634	
08111,9000,Colorado,37.659409,-107.800541	
08123,0008,Colorado,40.209387,-104.82405	
08123,0010,Colorado,40.423432,-104.69479	
09001,0010,Connecticut,41.170833,-73.194722	
09001,0017,Connecticut,41.003611,-73.585	
09001,8001,Connecticut,41.053333,-73.534167	
09001,9003,Connecticut,41.118333,-73.336667	
09003,0016,Connecticut,41.766944,-72.691944	
09003,0017,Connecticut,41.769167,-72.670278	
09003,1003,Connecticut,41.784722,-72.631667	
09003,1004,Connecticut,41.765833,-72.645278	
09005,0005,Connecticut,41.821342,-73.297257	
09009,0018,Connecticut,41.293889,-72.901389	
09009,0027,Connecticut,41.3014,-72.902871	
09009,1123,Connecticut,41.310833,-72.916944	
09009,2123,Connecticut,41.550556,-73.043611	
09009,9005,Connecticut,41.341111,-72.921389	
09013,1001,Connecticut,41.976389,-72.388056	
10001,0002,Delaware,38.986672,-75.5568	
10001,0003,Delaware,39.155,-75.518056	
10003,1007,Delaware,39.5513,-75.732	
10003,1008,Delaware,39.57768,-75.6036	
10003,2004,Delaware,39.739444,-75.558056	
10005,1002,Delaware,38.6539,-75.6106	
11001,0025,District Of Columbia,38.583226,-77.1219	
11001,0039,District Of Columbia,38.864167,-76.991944	
11001,0042,District Of Columbia,38.876255,-77.034059	
11001,0043,District Of Columbia,38.921847,-77.013178	
11001,9000,District Of Columbia,38.876233,-77.034076	
12005,0006,Florida,30.130433,-85.731517	
12011,0009,Florida,26.134722,-80.132778	
12011,0010,Florida,26.128611,-80.167222	
12011,0011,Florida,26.098333,-80.145833	
12011,0033,Florida,26.073536,-80.33845	
12011,0034,Florida,26.053889,-80.256944	
12011,1002,Florida,26.083143,-80.237586	
12011,1003,Florida,26.129167,-80.168611	
12011,1201,Florida,25.982222,-80.247778	
12011,2004,Florida,26.217222,-80.127778	
12011,3002,Florida,26.000833,-80.160556	
12011,5005,Florida,26.294167,-80.176389	
12011,8002,Florida,26.087,-80.111	
12017,9000,Florida,28.748678,-82.554769	
12031,0032,Florida,30.356339,-81.635396	
12031,0077,Florida,30.477725,-81.587339	
12031,0080,Florida,30.309119,-81.652341	
12031,0084,Florida,30.320507,-81.68762	
12031,0100,Florida,30.260278,-81.453611	
12031,0101,Florida,30.33501,-81.61861	
12031,0102,Florida,30.35319,-81.56725	
12031,0103,Florida,30.41707,-81.585858	
12031,0104,Florida,30.352375,-81.61841	
12031,0105,Florida,30.31725,-81.68395	
12033,0004,Florida,30.525367,-87.20355	
12033,0018,Florida,30.36805,-87.270967	
12057,0081,Florida,27.740033,-82.465146	
12057,1002,Florida,27.9475,-82.457222	
12057,1065,Florida,27.892222,-82.538611	
12057,1075,Florida,28.05,-82.378056	
12057,3002,Florida,27.96565,-82.2304	
12073,0012,Florida,30.439722,-84.346389	
12086,0029,Florida,25.586384,-80.326811	
12086,0030,Florida,25.39122,-80.680819	
12086,0032,Florida,25.87583,-80.2583	
12086,1016,Florida,25.794222,-80.215556	
12086,4002,Florida,25.798333,-80.210278	
12086,5001,Florida,25.865278,-80.278611	
12095,1003,Florida,28.541389,-81.389444	
12095,1004,Florida,28.551112,-81.345347	
12095,2002,Florida,28.596389,-81.3625	
12099,0008,Florida,26.724444,-80.666667	
12099,2005,Florida,26.456944,-80.092778	
12103,0004,Florida,27.946389,-82.731944	
12103,0012,Florida,27.784444,-82.659444	
12103,0018,Florida,27.785866,-82.739875	
12103,0026,Florida,27.850348,-82.714465	
12103,1008,Florida,28,-82.776389	
12103,5002,Florida,28.09,-82.700833	
12129,0001,Florida,30.0925,-84.161111	
13009,0001,Georgia,33.153413,-83.23569	
13021,0007,Georgia,32.777455,-83.641096	
13021,0012,Georgia,32.805408,-83.543521	
13049,9000,Georgia,30.740718,-82.128154	
13051,0017,Georgia,32.092957,-81.14399	
13051,0021,Georgia,32.06923,-81.048769	
13059,0001,Georgia,33.945833,-83.372222	
13069,0002,Georgia,31.513287,-82.750141	
13085,0001,Georgia,34.376317,-84.059766	
13089,0002,Georgia,33.68797,-84.29048	
13089,0003,Georgia,33.698611,-84.272608	
13089,3001,Georgia,33.845741,-84.213398	
13115,0003,Georgia,34.26054,-85.32333	
13115,0004,Georgia,34.263312,-85.178723	
13115,0005,Georgia,34.263198,-85.304826	
13121,0001,Georgia,33.752625,-84.383325	
13121,0020,Georgia,33.741253,-84.5527	
13121,0035,Georgia,33.770556,-84.3875	
13127,3001,Georgia,31.185187,-81.485166	
13139,0003,Georgia,34.30008,-83.81217	
13141,0001,Georgia,33.298,-82.968	
13153,0001,Georgia,32.6056,-83.597907	
13181,0001,Georgia,33.795,-82.468	
13185,0003,Georgia,30.848056,-83.294444	
13213,0003,Georgia,34.785197,-84.626422	
13215,0001,Georgia,32.483543,-84.980977	
13215,0011,Georgia,32.42905,-84.9316	
13215,5000,Georgia,32.503272,-84.942035	
13223,0003,Georgia,33.9285,-85.04534	
13245,0091,Georgia,33.433349,-82.022217	
13245,0092,Georgia,33.432353,-81.991372	
13247,0001,Georgia,33.591077,-84.065294	
13263,0001,Georgia,32.778,-84.404	
13295,0002,Georgia,34.97889,-85.30098	
15001,0005,Hawaii,19.4308,-155.2578	
15003,0010,Hawaii,21.323745,-158.088613	
15003,2004,Hawaii,21.392833,-157.969126	
15009,9000,Hawaii,20.808788,-156.283507	
15009,9001,Hawaii,20.7585,-156.24789	
16001,0010,Idaho,43.600699,-116.347853	
16001,0100,Idaho,43.6013,-116.3473	
16001,0200,Idaho,43.5776,-116.1777	
16001,0300,Idaho,43.63667,-116.27022	
16023,0003,Idaho,43.649903,-113.034167	
16023,0101,Idaho,43.460556,-113.562222	
16027,0004,Idaho,43.562401,-116.563232	
16027,0400,Idaho,43.7872,-116.9596	
16037,0002,Idaho,44.170385,-114.928034	
16059,0007,Idaho,45.158688,-114.026921	
16069,0006,Idaho,46.429561,-116.992427	
16069,0009,Idaho,46.417778,-117.018611	
16069,0012,Idaho,46.408352,-116.992533	
16069,0013,Idaho,46.3972,-116.8062	
16069,0222,Idaho,46.438089,-116.905182	
16069,5501,Idaho,46.40117,-116.80731	
16069,5502,Idaho,46.3999,-116.80129	
17019,1001,Illinois,40.05278,-88.37251	
17031,0001,Illinois,41.670992,-87.732457	
17031,0014,Illinois,41.834243,-87.6238	
17031,0018,Illinois,41.652778,-87.6025	
17031,0022,Illinois,41.687165,-87.539315	
17031,0026,Illinois,41.87372,-87.645326	
17031,0039,Illinois,41.894444,-87.620278	
17031,0041,Illinois,41.698889,-87.561944	
17031,0049,Illinois,41.896944,-87.623611	
17031,0050,Illinois,41.70757,-87.568574	
17031,0052,Illinois,41.965485,-87.749928	
17031,0057,Illinois,41.912862,-87.722723	
17031,0060,Illinois,41.656518,-87.589574	
17031,0072,Illinois,41.895812,-87.607683	
17031,0076,Illinois,41.7514,-87.713488	
17031,1018,Illinois,41.773889,-87.815278	
17031,1601,Illinois,41.66812,-87.99057	
17031,3101,Illinois,41.965253,-87.876266	
17031,3103,Illinois,41.965193,-87.876265	
17031,3301,Illinois,41.782766,-87.805377	
17031,4201,Illinois,42.139996,-87.799227	
17031,6001,Illinois,41.859722,-87.750278	
17031,8003,Illinois,41.631389,-87.568056	
17043,1003,Illinois,41.9475,-87.928611	
17043,4001,Illinois,41.901389,-87.938889	
17043,4002,Illinois,41.771071,-88.152534	
17097,1007,Illinois,42.467573,-87.810047	
17115,0002,Illinois,39.859444,-88.924722	
17115,0013,Illinois,39.866834,-88.925594	
17117,0002,Illinois,39.396075,-89.809739	
17119,0009,Illinois,38.695278,-90.139444	
17119,0010,Illinois,38.694438,-90.153954	
17119,0021,Illinois,38.702222,-90.121944	
17119,0023,Illinois,38.699565,-90.143529	
17119,0024,Illinois,38.700632,-90.144763	
17119,1007,Illinois,38.704534,-90.139675	
17119,1011,Illinois,38.831111,-90.063333	
17119,2009,Illinois,38.903085,-90.143168	
17119,3007,Illinois,38.860669,-90.105851	
17119,9010,Illinois,38.848382,-90.076413	
17143,0037,Illinois,40.697007,-89.584737	
17161,0001,Illinois,41.514444,-90.440278	
17163,0010,Illinois,38.612034,-90.160477	
17163,0900,Illinois,38.525945,-90.0391	
17163,1005,Illinois,0,0	
17163,1010,Illinois,38.592192,-90.165081	
17163,9010,Illinois,38.612034,-90.160477	
17197,1002,Illinois,41.526885,-88.116474	
17197,1011,Illinois,41.221537,-88.190967	
17201,0010,Illinois,42.267222,-89.089444	
18003,0003,Indiana,41.07,-85.133056	
18003,0004,Indiana,41.094965,-85.101816	
18003,0009,Indiana,41.046389,-85.057778	
18003,0012,Indiana,41.074444,-85.169722	
18003,0013,Indiana,41.0575,-85.174167	
18005,0005,Indiana,39.2125,-85.906944	
18019,0006,Indiana,38.277704,-85.740099	
18019,0009,Indiana,38.276683,-85.763767	
18037,2001,Indiana,38.391443,-86.92916	
18039,0003,Indiana,41.667778,-85.969444	
18039,0004,Indiana,41.701389,-85.974722	
18039,0005,Indiana,41.684722,-85.946389	
18039,0006,Indiana,41.703333,-85.925	
18039,0008,Indiana,41.656905,-85.968372	
18065,0003,Indiana,40.009525,-85.523455	
18085,5502,Indiana,41.23898,-85.832058	
18089,0022,Indiana,41.60668,-87.304729	
18089,0023,Indiana,41.65274,-87.439551	
18089,0028,Indiana,41.636667,-87.515	
18089,0029,Indiana,41.585556,-87.325833	
18089,0030,Indiana,41.6814,-87.494734	
18089,0034,Indiana,41.65348,-87.435584	
18089,0035,Indiana,41.681393,-87.490233	
18089,1003,Indiana,41.588889,-87.407778	
18089,1016,Indiana,41.600278,-87.334722	
18089,2004,Indiana,41.585496,-87.474486	
18089,2008,Indiana,41.63946,-87.493623	
18089,5503,Indiana,41.649211,-87.447464	
18089,5504,Indiana,41.5997,-87.34432	
18089,6000,Indiana,41.641361,-87.487528	
18091,0008,Indiana,41.725556,-86.906944	
18091,0009,Indiana,41.728889,-86.884444	
18097,0021,Indiana,39.775833,-86.184722	
18097,0057,Indiana,39.749019,-86.186314	
18097,0073,Indiana,39.789486,-86.06085	
18097,0078,Indiana,39.811097,-86.114469	
18097,0081,Indiana,39.788903,-86.214628	
18097,0084,Indiana,39.758855,-86.115415	
18097,0085,Indiana,39.740383,-86.22595	
18097,0087,Indiana,39.787933,-86.13088	
18105,0002,Indiana,39.324722,-86.421111	
18127,0024,Indiana,41.617558,-87.199248	
18129,0004,Indiana,37.9375,-87.884722	
18141,1008,Indiana,41.693611,-86.236667	
18157,0008,Indiana,40.431639,-86.8525	
18163,0012,Indiana,38.021727,-87.569458	
18163,0016,Indiana,37.974436,-87.532289	
18163,0017,Indiana,37.95888,-87.56194	
18163,0018,Indiana,37.998056,-87.553611	
18163,0021,Indiana,38.013248,-87.577856	
18167,0025,Indiana,39.507688,-87.37444	
18175,9000,Indiana,38.534652,-86.260372	
19045,0019,Iowa,41.823283,-90.211982	
19045,0021,Iowa,41.874999,-90.177574	
19113,0033,Iowa,42.281013,-91.526879	
19113,0037,Iowa,42.00508,-91.6793	
19113,0039,Iowa,41.934167,-91.6825	
19113,0040,Iowa,41.97677,-91.68766	
19113,0050,Iowa,41.979556,-91.680564	
19113,0060,Iowa,41.92425,-91.67808	
19113,0070,Iowa,41.98128,-91.678733	
19137,0002,Iowa,40.969112,-95.044951	
19139,0020,Iowa,41.4069,-91.0616	
19153,0030,Iowa,41.603159,-93.643118	
19153,2510,Iowa,41.603517,-93.7479	
19153,2520,Iowa,41.664722,-93.614167	
19163,0015,Iowa,41.530011,-90.587611	
19163,1010,Iowa,41.523611,-90.606111	
19177,0006,Iowa,40.695078,-92.006318	
19177,9000,Iowa,40.6932,-92.0059	
20013,9000,Kansas,39.979123,-95.568475	
20017,0001,Kansas,38.434141,-96.5605	
20029,0001,Kansas,39.571667,-97.656944	
20029,0002,Kansas,39.569,-97.659806	
20057,0001,Kansas,37.771944,-100.017778	
20071,0001,Kansas,38.466111,-101.775278	
20091,0006,Kansas,38.993889,-94.672778	
20091,0007,Kansas,38.974457,-94.687013	
20091,2001,Kansas,39.038611,-94.688333	
20091,2002,Kansas,38.956944,-94.695	
20093,0001,Kansas,37.980667,-101.132722	
20129,0001,Kansas,37.133333,-101.824167	
20129,0002,Kansas,37.265556,-101.78	
20129,0003,Kansas,37.315556,-101.774722	
20129,0004,Kansas,37.280972,-101.771361	
20133,0002,Kansas,37.676308,-95.474659	
20145,0001,Kansas,38.17625,-99.108028	
20173,0004,Kansas,37.677222,-97.444167	
20173,0007,Kansas,37.708889,-97.375278	
20173,0008,Kansas,37.659334,-97.297714	
20173,0009,Kansas,37.651114,-97.362212	
20173,0010,Kansas,37.702066,-97.314847	
20173,1012,Kansas,37.747085,-97.316912	
20173,5501,Kansas,37.641522,-97.288406	
20177,0002,Kansas,39.14,-95.953333	
20177,0003,Kansas,39.115833,-95.613333	
20177,0005,Kansas,39.000833,-95.7025	
20177,0007,Kansas,39.074722,-95.660278	
20177,0009,Kansas,39.018889,-95.743333	
20177,1002,Kansas,39.053889,-95.695833	
20181,0001,Kansas,39.348452,-101.713405	
20195,0001,Kansas,38.770081,-99.763424	
20209,0001,Kansas,39.113056,-94.624444	
20209,0007,Kansas,39.075278,-94.705556	
20209,0015,Kansas,39.087949,-94.621453	
20209,0020,Kansas,39.151389,-94.6175	
20209,0021,Kansas,39.117219,-94.635605	
21019,0002,Kentucky,38.476,-82.63137	
21019,0017,Kentucky,38.45934,-82.64041	
21019,5501,Kentucky,38.45008,-82.62294	
21019,5502,Kentucky,38.47564,-82.63933	
21019,5503,Kentucky,38.4773,-82.65599	
21043,0500,Kentucky,38.23887,-82.9881	
21059,0005,Kentucky,37.780776,-87.075307	
21059,0014,Kentucky,37.741111,-87.118056	
21061,0501,Kentucky,37.13179,-86.142953	
21067,0012,Kentucky,38.06503,-84.49761	
21067,0014,Kentucky,38.038889,-84.5075	
21101,0014,Kentucky,37.8712,-87.46375	
21111,0043,Kentucky,38.23319,-85.81566	
21111,0048,Kentucky,38.24024,-85.73195	
21111,0067,Kentucky,38.22876,-85.65452	
21111,1041,Kentucky,38.23158,-85.82678	
21117,0007,Kentucky,39.0725,-84.525	
21125,0004,Kentucky,37.087222,-84.063333	
21139,0004,Kentucky,37.07151,-88.33389	
21145,1004,Kentucky,37.06636,-88.63774	
21145,1024,Kentucky,37.05822,-88.57251	
21157,0014,Kentucky,37.0452,-88.33087	
21157,0016,Kentucky,37.04176,-88.35407	
21157,0018,Kentucky,37.02702,-88.34387	
21157,0019,Kentucky,37.03718,-88.33411	
21183,0032,Kentucky,37.319725,-86.956097	
21193,0003,Kentucky,37.28329,-83.20932	
21221,8001,Kentucky,36.783889,-87.851944	
21227,0007,Kentucky,36.993333,-86.418333	
21227,0008,Kentucky,37.035438,-86.250628	
22005,0004,Louisiana,30.233889,-90.968333	
22015,0008,Louisiana,32.53626,-93.74891	
22017,1001,Louisiana,32.48,-93.766667	
22017,5501,Louisiana,32.43211,-93.74401	
22019,0008,Louisiana,30.261667,-93.284167	
22033,0004,Louisiana,30.460833,-91.187778	
22033,0008,Louisiana,30.7,-91.1	
22033,0009,Louisiana,30.46198,-91.17922	
22033,0013,Louisiana,30.700921,-91.056135	
22047,0009,Louisiana,30.220556,-91.316111	
22051,1001,Louisiana,30.043573,-90.275091	
22051,2001,Louisiana,29.883056,-90.083333	
22051,8105,Louisiana,30.020892,-90.123099	
22051,8106,Louisiana,29.999264,-90.211619	
22051,8107,Louisiana,29.9198,-90.231783	
22071,0010,Louisiana,29.9555,-90.12166	
22071,0012,Louisiana,29.994444,-90.102778	
22071,8104,Louisiana,29.960593,-90.128173	
22071,8105,Louisiana,30.016905,-89.927185	
22071,8106,Louisiana,30.032329,-90.045465	
22071,8107,Louisiana,29.957149,-90.063346	
22071,8109,Louisiana,30.16635,-89.737333	
22071,8110,Louisiana,30.0655,-89.804767	
22071,8401,Louisiana,29.96249,-90.05689	
22071,9000,Louisiana,30.108633,-89.761683	
22073,0004,Louisiana,32.509713,-92.046093	
22075,8108,Louisiana,29.88546,-89.94952	
22075,8400,Louisiana,29.88546,-89.94952	
22075,9000,Louisiana,29.119168,-89.206659	
22087,0002,Louisiana,29.981944,-89.998611	
22087,0004,Louisiana,29.93961,-89.92388	
22087,8103,Louisiana,29.971443,-89.998605	
22089,0003,Louisiana,29.984167,-90.410556	
22089,0004,Louisiana,29.940833,-90.353056	
22089,0005,Louisiana,29.933056,-90.359444	
22095,0002,Louisiana,30.058333,-90.608333	
22103,8101,Louisiana,30.245833,-89.77685	
22103,8400,Louisiana,30.31445,-89.81415	
22103,8401,Louisiana,30.26588,-89.76997	
22127,9000,Louisiana,32.057581,-92.435157	
23001,0011,Maine,44.089406,-70.214219	
23003,1011,Maine,46.682299,-68.016195	
23003,1020,Maine,46.69634,-68.032614	
23005,0002,Maine,44.107524,-70.729165	
23005,0014,Maine,43.659722,-70.261389	
23005,0029,Maine,43.660246,-70.268965	
23005,2003,Maine,43.561043,-70.207324	
23005,9002,Maine,43.832458,-70.063815	
23009,0102,Maine,44.351697,-68.22698	
23009,0103,Maine,44.37705,-68.2609	
23011,2005,Maine,44.230622,-69.785	
23017,0008,Maine,44.548386,-70.530987	
23017,0009,Maine,44.555278,-70.546111	
23017,2011,Maine,44.551419,-70.546319	
23017,2012,Maine,44.295317,-70.53425	
23019,0002,Maine,44.79886,-68.769675	
23019,4003,Maine,44.93345,-68.645594	
23019,9000,Maine,44.94798,-68.64788	
23021,0002,Maine,45.465,-69.555278	
23029,1004,Maine,45.125837,-67.265408	
23031,3002,Maine,43.083333,-70.75	
24003,0019,Maryland,39.101111,-76.729444	
24003,1003,Maryland,39.169533,-76.627933	
24005,3001,Maryland,39.310833,-76.474444	
24005,9000,Maryland,39.243833,-76.709149	
24023,0002,Maryland,39.70595,-79.012	
24025,9001,Maryland,39.563333,-76.203889	
24027,0006,Maryland,39.14313,-76.84611	
24033,0030,Maryland,39.055277,-76.878333	
24510,0006,Maryland,39.340556,-76.582222	
24510,0011,Maryland,39.236667,-76.584444	
24510,0035,Maryland,39.232778,-76.579722	
24510,0038,Maryland,39.276111,-76.538889	
24510,0040,Maryland,39.297733,-76.604603	
24510,0043,Maryland,39.264167,-76.580556	
24510,0050,Maryland,39.318611,-76.5825	
24510,0051,Maryland,39.281389,-76.598889	
24510,0053,Maryland,39.288889,-76.554444	
25001,0002,Massachusetts,41.975804,-70.023598	
25005,1002,Massachusetts,41.633278,-70.879162	
25005,1005,Massachusetts,42.063056,-71.148889	
25005,2004,Massachusetts,41.628611,-70.926667	
25007,0001,Massachusetts,41.330469,-70.785225	
25009,2006,Massachusetts,42.474642,-70.970816	
25009,4004,Massachusetts,42.790268,-70.80835	
25009,4005,Massachusetts,42.814412,-70.817783	
25013,0003,Massachusetts,42.061667,-72.678056	
25013,0008,Massachusetts,42.19438,-72.555112	
25013,0011,Massachusetts,42.098889,-72.588056	
25015,4002,Massachusetts,42.298493,-72.334079	
25017,1801,Massachusetts,42.385,-71.388889	
25021,3003,Massachusetts,42.211774,-71.11397	
25025,0002,Massachusetts,42.348873,-71.097163	
25025,0012,Massachusetts,42.329444,-71.068333	
25025,0027,Massachusetts,42.372122,-71.061741	
25025,0041,Massachusetts,42.317372,-70.968359	
25025,0042,Massachusetts,42.3295,-71.0826	
26005,0002,Michigan,42.464167,-86.17	
26005,0003,Michigan,42.767786,-86.148577	
26007,0901,Michigan,45.083611,-83.450278	
26007,0902,Michigan,45.068056,-83.426667	
26007,0903,Michigan,45.044444,-83.345556	
26007,0906,Michigan,45.072222,-83.433333	
26029,0011,Michigan,45.160235,-85.127696	
26031,0001,Michigan,45.558889,-84.674722	
26033,0033,Michigan,46.485,-84.629722	
26033,0901,Michigan,46.493611,-84.364167	
26033,0902,Michigan,46.481667,-84.331667	
26033,0903,Michigan,46.454,-84.6067	
26049,0011,Michigan,43.025,-83.685833	
26049,0021,Michigan,43.047224,-83.670159	
26055,0002,Michigan,44.874444,-85.521389	
26063,0003,Michigan,43.849444,-83.373611	
26065,0921,Michigan,42.741944,-84.573611	
26065,0922,Michigan,42.735556,-84.576944	
26065,0923,Michigan,42.732778,-84.563056	
26065,0924,Michigan,42.733889,-84.593611	
26065,1001,Michigan,42.742778,-84.551111	
26067,0002,Michigan,43.10172,-85.22327	
26067,0003,Michigan,43.099943,-85.222266	
26077,0002,Michigan,42.295,-85.592778	
26077,0004,Michigan,42.217222,-85.553333	
26077,0008,Michigan,42.278067,-85.54189	
26077,0901,Michigan,42.216389,-85.5525	
26077,0902,Michigan,42.214444,-85.543333	
26077,0903,Michigan,42.189167,-85.558611	
26077,0905,Michigan,42.278056,-85.541944	
26081,0010,Michigan,42.959722,-85.656389	
26081,0020,Michigan,42.984173,-85.671339	
26081,0021,Michigan,42.938611,-85.671111	
26081,0901,Michigan,42.775556,-85.678889	
26081,0902,Michigan,42.762778,-85.68	
26081,2002,Michigan,42.913611,-85.68	
26083,9000,Michigan,47.9167,-89.150075	
26083,9001,Michigan,47.459599,-88.149138	
26091,0007,Michigan,41.995568,-83.946559	
26109,0002,Michigan,45.114444,-87.621667	
26111,0007,Michigan,43.609444,-84.216389	
26111,0951,Michigan,43.609167,-84.210556	
26111,0952,Michigan,43.61,-84.221389	
26111,0953,Michigan,43.591389,-84.209444	
26111,0954,Michigan,43.601389,-84.298889	
26111,0955,Michigan,43.589444,-84.221111	
26111,0956,Michigan,43.618056,-84.228611	
26111,0957,Michigan,43.606667,-84.176944	
26111,0959,Michigan,43.576187,-84.321614	
26111,0960,Michigan,43.60002,-84.200144	
26113,0001,Michigan,44.310555,-84.891865	
26115,0005,Michigan,41.763889,-83.471944	
26115,0006,Michigan,41.923582,-83.34573	
26121,0023,Michigan,43.2425,-86.213056	
26121,5501,Michigan,43.19946,-86.29923	
26125,0010,Michigan,42.490278,-83.28	
26139,0009,Michigan,42.79,-86.114444	
26139,0010,Michigan,42.797222,-86.110278	
26145,0002,Michigan,43.451389,-83.911667	
26147,0005,Michigan,42.953336,-82.456229	
26147,0031,Michigan,42.982093,-82.45008	
26151,0002,Michigan,43.571667,-82.646944	
26153,0001,Michigan,46.288877,-85.950227	
26157,0001,Michigan,43.368605,-83.569065	
26159,0901,Michigan,42.168889,-85.827778	
26161,0002,Michigan,42.294722,-83.743056	
26161,0008,Michigan,42.240565,-83.599602	
26161,8001,Michigan,42.416944,-83.901944	
26163,0001,Michigan,42.22862,-83.2082	
26163,0005,Michigan,42.267231,-83.132086	
26163,0014,Michigan,42.395,-83.235	
26163,0015,Michigan,42.302786,-83.10653	
26163,0016,Michigan,42.357808,-83.096033	
26163,0019,Michigan,42.43084,-83.000138	
26163,0027,Michigan,42.292231,-83.106807	
26163,0033,Michigan,42.306674,-83.148754	
26163,0035,Michigan,42.155278,-83.171389	
26163,0046,Michigan,42.292842,-83.145612	
26163,0097,Michigan,42.261669,-83.157893	
26163,1005,Michigan,42.289449,-83.153435	
26163,1006,Michigan,42.283069,-83.161145	
26163,1008,Michigan,42.281869,-83.151415	
26163,1009,Michigan,42.270009,-83.162585	
26163,5502,Michigan,42.35059,-83.05242	
27003,1002,Minnesota,45.13768,-93.207615	
27003,6020,Minnesota,45.198083,-93.370916	
27007,2302,Minnesota,47.473333,-94.884444	
27007,2303,Minnesota,47.877222,-95.01222	
27007,5501,Minnesota,47.870095,-95.03395	
27007,5502,Minnesota,48.021336,-94.912264	
27017,7416,Minnesota,46.70527,-92.52377	
27019,0052,Minnesota,44.850655,-93.591809	
27021,0001,Minnesota,47.159942,-94.150987	
27021,5501,Minnesota,47.374,-94.605	
27027,2103,Minnesota,46.871944,-96.743611	
27035,3202,Minnesota,46.164699,-94.359098	
27037,0001,Minnesota,44.833333,-93.115	
27037,0020,Minnesota,44.76323,-93.03255	
27037,0421,Minnesota,44.777199,-93.040974	
27037,0423,Minnesota,44.77553,-93.06299	
27037,0424,Minnesota,44.779722,-93.062222	
27037,0425,Minnesota,44.799614,-93.07265	
27037,0426,Minnesota,44.773036,-93.032858	
27037,0439,Minnesota,44.748039,-93.043266	
27037,0441,Minnesota,44.7468,-93.02611	
27037,0442,Minnesota,44.73857,-93.00496	
27037,0443,Minnesota,44.745662,-93.05541	
27037,0465,Minnesota,44.83431,-93.11622	
27037,0470,Minnesota,44.73846,-93.23725	
27041,2010,Minnesota,45.883333,-95.38	
27041,2110,Minnesota,45.968256,-95.605272	
27047,5401,Minnesota,43.650278,-93.366389	
27049,5356,Minnesota,44.397654,-92.831238	
27053,0050,Minnesota,45.001229,-93.267117	
27053,0053,Minnesota,44.981111,-93.269444	
27053,0260,Minnesota,45.032778,-93.420833	
27053,0958,Minnesota,44.926111,-93.204444	
27053,0959,Minnesota,45.0039,-93.2367	
27053,0960,Minnesota,44.959444,-93.256667	
27053,0961,Minnesota,44.87551,-93.25892	
27053,0962,Minnesota,44.965242,-93.254759	
27053,0963,Minnesota,44.95366,-93.25821	
27053,0964,Minnesota,44.888551,-93.195377	
27053,0965,Minnesota,45.004478,-93.240046	
27053,0966,Minnesota,44.97944,-93.26613	
27053,0967,Minnesota,44.996463,-93.234882	
27053,0968,Minnesota,44.893005,-93.233227	
27053,0969,Minnesota,44.90057,-93.23828	
27053,1007,Minnesota,45.03972,-93.29874	
27053,1901,Minnesota,44.95809,-93.24891	
27053,1904,Minnesota,44.95208,-93.24428	
27053,2006,Minnesota,44.94805,-93.34315	
27061,1105,Minnesota,47.236755,-93.526197	
27067,4110,Minnesota,45.112308,-95.040071	
27071,1240,Minnesota,48.605278,-93.402222	
27071,1241,Minnesota,48.605278,-93.406389	
27075,0005,Minnesota,47.948622,-91.495574	
27075,7608,Minnesota,47.296389,-91.264167	
27085,4301,Minnesota,44.890833,-94.367222	
27095,3051,Minnesota,46.2053,-93.75945	
27097,3049,Minnesota,45.971161,-94.347201	
27103,5109,Minnesota,44.183795,-94.039585	
27109,5008,Minnesota,43.996908,-92.450366	
27111,2005,Minnesota,46.281389,-96.073889	
27111,2012,Minnesota,46.586944,-95.583889	
27115,1400,Minnesota,46.121389,-92.999722	
27117,4002,Minnesota,43.997452,-96.319787	
27123,0017,Minnesota,44.944134,-93.065125	
27123,0021,Minnesota,44.96555,-93.05684	
27123,0866,Minnesota,44.89926,-93.01708	
27123,0868,Minnesota,44.95072,-93.09827	
27123,0871,Minnesota,44.95939,-93.03587	
27123,0874,Minnesota,44.932555,-93.119326	
27123,1003,Minnesota,44.96133,-93.19019	
27133,9000,Minnesota,43.71579,-96.191613	
27135,2401,Minnesota,48.911667,-95.328056	
27137,0034,Minnesota,48.41252,-92.829225	
27137,7001,Minnesota,47.523355,-92.536305	
27137,7014,Minnesota,47.423889,-92.926667	
27137,7549,Minnesota,46.77107,-92.11732	
27137,7550,Minnesota,46.81826,-92.08936	
27137,7551,Minnesota,46.76643,-92.13354	
27137,7555,Minnesota,46.72938,-92.15998	
27137,9001,Minnesota,48.413198,-92.830515	
27141,3050,Minnesota,45.303333,-93.599444	
27145,3052,Minnesota,45.549839,-94.13345	
27145,3053,Minnesota,45.564637,-94.226345	
27151,4500,Minnesota,45.247778,-95.9175	
27163,0009,Minnesota,44.84621,-92.99558	
27163,0301,Minnesota,44.991667,-92.822222	
27163,0436,Minnesota,44.84737,-92.9954	
27163,0438,Minnesota,44.85711,-93.00352	
27163,0445,Minnesota,45.01876,-92.78027	
27163,0446,Minnesota,45.02798,-92.77415	
27169,5210,Minnesota,44.050908,-91.642283	
27169,9000,Minnesota,43.937299,-91.405348	
27171,3201,Minnesota,45.20916,-93.66921	
27173,4003,Minnesota,44.81,-95.535556	
28023,5501,Mississippi,32.1725,-88.81972	
28035,0004,Mississippi,31.323639,-89.287167	
28043,0001,Mississippi,33.834444,-89.792778	
28045,0003,Mississippi,30.300833,-89.395916	
28045,8104,Mississippi,30.26892,-89.44933	
28045,8105,Mississippi,30.40966,-89.44114	
28045,8201,Mississippi,30.393193,-89.580378	
28047,0008,Mississippi,30.390369,-89.049778	
28047,8101,Mississippi,30.373678,-89.15513	
28047,8102,Mississippi,30.449005,-89.052683	
28047,8103,Mississippi,30.470916,-88.9827	
28049,0003,Mississippi,32.302222,-90.186667	
28049,0010,Mississippi,32.385731,-90.1412	
28049,0018,Mississippi,32.296806,-90.188306	
28049,0019,Mississippi,32.33037,-90.166201	
28049,0020,Mississippi,32.329111,-90.182722	
28059,0006,Mississippi,30.378287,-88.53393	
28067,0002,Mississippi,31.688638,-89.135115	
28081,0005,Mississippi,34.264917,-88.766222	
28087,0002,Mississippi,33.509588,-88.408928	
28087,0003,Mississippi,33.499588,-88.403648	
29039,0001,Missouri,37.69,-94.035	
29047,0005,Missouri,39.30309,-94.376623	
29047,1004,Missouri,39.110556,-94.591944	
29053,0001,Missouri,38.795,-92.918056	
29099,0012,Missouri,38.43783,-90.361492	
29099,0019,Missouri,38.448672,-90.395904	
29186,0005,Missouri,37.90084,-90.42388	
29207,0001,Missouri,36.97,-90.14	
29213,0003,Missouri,36.613879,-92.92228	
29510,0006,Missouri,38.626993,-90.200654	
29510,0085,Missouri,38.656429,-90.198348	
29510,0087,Missouri,38.642857,-90.185059	
29510,0089,Missouri,38.601778,-90.232778	
29510,0090,Missouri,38.616833,-90.208222	
29510,0091,Missouri,38.585861,-90.239194	
30007,0011,Montana,46.31,-111.672778	
30007,0015,Montana,46.3175,-111.680278	
30023,0010,Montana,46.131667,-112.939167	
30023,0011,Montana,46.120556,-112.911667	
30023,0706,Montana,46.104167,-112.878611	
30023,0714,Montana,46.129167,-112.926111	
30027,0004,Montana,47.286944,-109.460833	
30027,0005,Montana,47.273611,-109.455833	
30027,9000,Montana,47.582225,-108.720383	
30029,8001,Montana,48.5103,-113.99681	
30043,0011,Montana,45.888889,-112.013889	
30043,0012,Montana,45.916667,-111.991667	
30043,0019,Montana,46.356389,-112.069722	
30043,0020,Montana,46.350278,-112.104722	
30043,0022,Montana,46.381111,-112.123611	
30043,0023,Montana,46.383333,-112.118333	
30043,0024,Montana,46.191111,-111.960833	
30043,0025,Montana,46.273056,-111.946667	
30043,0026,Montana,46.286944,-111.952778	
30047,9000,Montana,47.773283,-114.269975	
30049,0004,Montana,46.8505,-111.987164	
30049,0714,Montana,46.588889,-111.920556	
30049,0719,Montana,46.589345,-111.923376	
30049,9000,Montana,46.826103,-111.711573	
30053,0018,Montana,48.391545,-115.553309	
30063,0024,Montana,46.842181,-114.021499	
30063,0031,Montana,46.874836,-113.996196	
30067,0001,Montana,45.074722,-110.631389	
30067,0002,Montana,45.070556,-110.635278	
30067,0003,Montana,45.056111,-110.641944	
30067,0005,Montana,45.057778,-109.939444	
30067,0007,Montana,45.019722,-109.935833	
30067,0009,Montana,45.069167,-110.630278	
30067,0010,Montana,45.069167,-110.627778	
30071,0002,Montana,47.898333,-108.623889	
30071,0003,Montana,47.917222,-108.588056	
30071,0005,Montana,47.9175,-108.521111	
30071,0006,Montana,47.917778,-108.510278	
30071,0007,Montana,47.883333,-108.624444	
30071,0008,Montana,47.883611,-108.4975	
30077,9000,Montana,47.122091,-113.155326	
30081,9000,Montana,45.859686,-114.001032	
30085,9000,Montana,48.30795,-105.102866	
30087,0762,Montana,45.648328,-106.557247	
30089,9000,Montana,47.954771,-115.671925	
30091,9000,Montana,48.487054,-104.476346	
30093,0005,Montana,46.002602,-112.501247	
30093,0033,Montana,45.9825,-112.817778	
30093,0035,Montana,46.009722,-112.801944	
30093,0036,Montana,45.959444,-112.871111	
30093,0037,Montana,46.001667,-112.815833	
30093,0038,Montana,45.958056,-112.891111	
30093,0041,Montana,46.004722,-112.495278	
30093,0042,Montana,45.993056,-112.480556	
30093,0043,Montana,46.0125,-112.521389	
30093,0049,Montana,46.007222,-112.465278	
30093,0050,Montana,46.038056,-112.482778	
30093,0054,Montana,46.011667,-112.5225	
30095,0002,Montana,45.388333,-109.866944	
30097,0005,Montana,45.501389,-110.056667	
31055,0019,Nebraska,41.247486,-95.973142	
31069,9000,Nebraska,41.762681,-102.434108	
31109,0023,Nebraska,40.865145,-96.722532	
31109,0024,Nebraska,40.796134,-96.748843	
31171,9000,Nebraska,41.888789,-100.339141	
31173,9000,Nebraska,42.148699,-96.432113	
32003,0020,Nevada,36.245248,-115.093058	
32003,0540,Nevada,36.141895,-115.078725	
32003,0560,Nevada,36.158611,-115.110833	
32003,0561,Nevada,36.163959,-115.113916	
32007,9000,Nevada,41.892499,-115.427015	
32021,9000,Nevada,38.951811,-118.81557	
32031,0016,Nevada,39.525083,-119.807717	
32033,0101,Nevada,39.00512,-114.21593	
33007,4002,New Hampshire,44.308132,-71.217639	
33011,0020,New Hampshire,42.995778,-71.462528	
33011,1011,New Hampshire,42.718653,-71.522416	
33011,5001,New Hampshire,42.86175,-71.878389	
33013,1003,New Hampshire,43.177222,-71.4625	
33013,1006,New Hampshire,43.13244,-71.458306	
33015,0006,New Hampshire,43.0775,-70.754167	
33015,0013,New Hampshire,43,-71.2	
33015,0014,New Hampshire,43.075333,-70.748	
33015,0015,New Hampshire,43.0825,-70.761944	
33015,0018,New Hampshire,42.862531,-71.38014	
33019,0003,New Hampshire,43.364444,-72.338333	
34001,0006,New Jersey,39.464872,-74.448736	
34003,0007,New Jersey,40.817218,-74.043758	
34003,0008,New Jersey,40.816809,-74.043673	
34003,0009,New Jersey,40.833111,-74.043459	
34003,0010,New Jersey,40.853579,-73.966212	
34007,0002,New Jersey,39.934446,-75.125291	
34007,0003,New Jersey,39.923042,-75.097617	
34007,0005,New Jersey,39.948611,-75.121389	
34013,0003,New Jersey,40.720989,-74.192892	
34013,0011,New Jersey,40.726668,-74.143741	
34015,5501,New Jersey,39.83709,-75.24401	
34017,0006,New Jersey,40.67025,-74.126081	
34017,1005,New Jersey,40.721944,-74.045556	
34021,0005,New Jersey,40.283092,-74.742644	
34023,0006,New Jersey,40.472825,-74.422403	
34023,0011,New Jersey,40.462182,-74.429439	
34027,3001,New Jersey,40.787628,-74.676301	
34031,0005,New Jersey,40.918381,-74.168092	
34031,0006,New Jersey,40.915747,-74.176733	
34031,0007,New Jersey,40.927458,-74.160611	
34039,0004,New Jersey,40.64144,-74.208365	
34039,0008,New Jersey,40.598028,-74.453808	
34039,5001,New Jersey,40.601725,-74.441067	
34039,5502,New Jersey,40.652053,-74.199861	
35001,0023,New Mexico,35.1343,-106.5852	
35001,0029,New Mexico,35.01708,-106.65739	
35001,1013,New Mexico,35.19324,-106.613815	
35001,1014,New Mexico,35.2022,-106.64927	
35001,5010,New Mexico,35.035933,-106.390083	
35003,9000,New Mexico,33.220502,-108.235719	
35005,9000,New Mexico,33.459914,-104.404711	
35013,9000,New Mexico,32.687024,-106.484966	
35027,9000,New Mexico,33.468809,-105.535444	
35028,1002,New Mexico,35.804167,-106.298056	
35031,2015,New Mexico,35.538747,-108.596741	
35039,9000,New Mexico,36.013945,-106.845299	
35043,0001,New Mexico,35.297222,-106.544444	
35043,1003,New Mexico,35.238056,-106.649444	
35045,5501,New Mexico,36.73633,-108.41737	
35053,9000,New Mexico,33.869593,-106.852584	
35055,9000,New Mexico,36.58544,-105.452563	
36001,0005,New York,42.64225,-73.75464	
36001,0010,New York,42.656389,-73.761667	
36001,0012,New York,42.68075,-73.75733	
36001,0013,New York,42.640931,-73.756511	
36005,0080,New York,40.83606,-73.92009	
36005,0083,New York,40.86585,-73.88083	
36005,0110,New York,40.816,-73.902	
36005,0133,New York,40.8679,-73.87809	
36007,0004,New York,42.098333,-76.050833	
36029,0005,New York,42.876907,-78.809526	
36029,0010,New York,42.858056,-78.830556	
36029,0023,New York,42.921107,-78.765825	
36029,1007,New York,42.8273,-78.84984	
36029,1013,New York,42.98844,-78.91859	
36029,1014,New York,42.99813,-78.89926	
36029,1015,New York,42.981312,-78.906425	
36029,6002,New York,42.968563,-78.943842	
36031,0003,New York,44.39308,-73.8589	
36031,0006,New York,44.401111,-73.387778	
36033,0003,New York,44.989167,-74.7125	
36047,0011,New York,40.73277,-73.94722	
36047,0099,New York,40.712222,-73.94	
36047,0118,New York,40.69454,-73.92769	
36055,0008,New York,43.17,-77.636667	
36055,0015,New York,43.145013,-77.55728	
36055,1006,New York,43.20361,-77.62916	
36055,1007,New York,43.14618,-77.54817	
36055,6001,New York,43.161,-77.60357	
36059,0005,New York,40.74316,-73.58549	
36061,0010,New York,40.739444,-73.986111	
36061,0056,New York,40.75912,-73.96661	
36061,0062,New York,40.72052,-74.00409	
36061,0077,New York,40.75623,-73.97657	
36061,0115,New York,40.84955,-73.935649	
36061,0134,New York,40.71436,-73.99518	
36063,2006,New York,43.085833,-78.996389	
36063,2008,New York,43.08218,-79.00106	
36063,7001,New York,43.096373,-79.011447	
36065,2001,New York,43.09892,-75.22506	
36071,0002,New York,41.49916,-74.00885	
36081,0097,New York,40.75527,-73.75861	
36081,0098,New York,40.7842,-73.84757	
36081,0124,New York,40.73614,-73.82153	
36083,0011,New York,42.7725,-73.430833	
36083,1003,New York,42.73194,-73.68909	
36085,0055,New York,40.63307,-74.13719	
36085,0066,New York,40.590833,-74.190833	
36085,0067,New York,40.59664,-74.12525	
36085,0088,New York,40.590278,-74.168056	
36085,0101,New York,40.5875,-74.128056	
36085,0102,New York,40.543611,-74.198056	
36085,0103,New York,40.571667,-74.205	
36085,0104,New York,40.575833,-74.177778	
36085,0105,New York,40.580556,-74.199444	
36085,0106,New York,40.57811,-74.1843	
36085,0107,New York,40.566944,-74.183611	
36085,0108,New York,40.568611,-74.169444	
36085,0109,New York,40.591111,-74.158611	
36085,0111,New York,40.58027,-74.19832	
36085,0131,New York,40.58806,-74.16882	
36085,0132,New York,40.58056,-74.15178	
36101,0003,New York,42.09142,-77.20978	
36103,0001,New York,40.745833,-73.420278	
36103,0009,New York,40.82799,-73.05754	
36109,9991,New York,42.4006,-76.6538	
36119,5003,New York,41.045,-73.703333	
37011,0002,North Carolina,35.972347,-81.933072	
37021,0003,North Carolina,35.598711,-82.54847	
37021,0032,North Carolina,35.558333,-82.520833	
37021,0034,North Carolina,35.6075,-82.583333	
37021,0035,North Carolina,35.57222,-82.55889	
37027,0003,North Carolina,35.935833,-81.530278	
37033,0001,North Carolina,36.307033,-79.467417	
37035,0004,North Carolina,35.728889,-81.365556	
37037,0004,North Carolina,35.757222,-79.159722	
37051,0004,North Carolina,35.031389,-78.929444	
37051,0009,North Carolina,35.041416,-78.953112	
37057,0002,North Carolina,35.814444,-80.2625	
37061,0002,North Carolina,34.954823,-77.960781	
37063,0013,North Carolina,36.035556,-78.904167	
37063,0014,North Carolina,35.892868,-78.876445	
37063,0015,North Carolina,36.032944,-78.905417	
37065,0099,North Carolina,35.988333,-77.582778	
37067,0021,North Carolina,36.099167,-80.255	
37067,0022,North Carolina,36.110556,-80.226667	
37069,0001,North Carolina,36.096189,-78.463719	
37077,0001,North Carolina,36.141111,-78.768056	
37081,0009,North Carolina,36.075833,-79.794444	
37081,0013,North Carolina,36.109167,-79.801111	
37081,1011,North Carolina,36.088072,-79.794733	
37087,0035,North Carolina,35.379167,-82.7925	
37095,9000,North Carolina,35.45109,-76.207165	
37101,0002,North Carolina,35.590833,-78.461944	
37105,0002,North Carolina,35.4325,-79.2887	
37107,0004,North Carolina,35.231459,-77.568792	
37117,0001,North Carolina,35.81066,-76.906249	
37119,0034,North Carolina,35.248611,-80.766389	
37119,0041,North Carolina,35.2401,-80.785683	
37119,1009,North Carolina,35.347222,-80.695	
37121,0001,North Carolina,35.915278,-82.073333	
37123,0001,North Carolina,35.2632,-79.836613	
37129,0006,North Carolina,34.268403,-77.956529	
37129,0010,North Carolina,34.23583,-77.9547	
37147,0004,North Carolina,35.590556,-77.368611	
37159,0021,North Carolina,35.551868,-80.395039	
37159,0022,North Carolina,35.534482,-80.66756	
37183,0003,North Carolina,35.841111,-78.643056	
37183,0011,North Carolina,35.774875,-78.63519	
37183,0013,North Carolina,35.838978,-78.674461	
37183,0014,North Carolina,35.856111,-78.574167	
37183,0015,North Carolina,35.790023,-78.619723	
37183,0016,North Carolina,35.596944,-78.7925	
37183,0019,North Carolina,35.708333,-78.808333	
37187,0002,North Carolina,35.85314,-76.744402	
37199,0003,North Carolina,35.737735,-82.285229	
38005,7001,North Dakota,47.978668,-99.006767	
38007,0002,North Dakota,46.8943,-103.37853	
38013,0004,North Dakota,48.64193,-102.4018	
38015,0003,North Dakota,46.825425,-100.76821	
38017,1004,North Dakota,46.933754,-96.85535	
38053,0002,North Dakota,47.5812,-103.2995	
38057,0004,North Dakota,47.298611,-101.766944	
39017,0003,Ohio,39.4938,-84.3543	
39017,0014,Ohio,39.484167,-84.395556	
39017,0015,Ohio,39.49072,-84.36374	
39017,0019,Ohio,39.478849,-84.407675	
39017,0020,Ohio,39.472436,-84.394952	
39017,1004,Ohio,39.528439,-84.3942	
39029,0003,Ohio,40.637241,-80.54395	
39029,0019,Ohio,40.631545,-80.547181	
39029,0020,Ohio,40.639595,-80.524019	
39029,0022,Ohio,40.635275,-80.546642	
39031,0005,Ohio,40.252041,-81.853546	
39035,0038,Ohio,41.477011,-81.682383	
39035,0042,Ohio,41.4823,-81.708906	
39035,0045,Ohio,41.471782,-81.656792	
39035,0049,Ohio,41.446342,-81.6507	
39035,0050,Ohio,41.442832,-81.649289	
39035,0060,Ohio,41.492117,-81.678449	
39035,0061,Ohio,41.473092,-81.676596	
39035,0063,Ohio,41.476352,-81.674981	
39035,0067,Ohio,41.38814,-81.635077	
39035,0068,Ohio,41.454782,-81.634419	
39035,0069,Ohio,41.519003,-81.637754	
39035,0071,Ohio,41.492508,-81.670032	
39035,1002,Ohio,41.39629,-81.818667	
39035,1003,Ohio,41.416389,-81.813056	
39049,0001,Ohio,39.9575,-83.006944	
39049,0025,Ohio,39.92845,-82.98104	
39049,0034,Ohio,40.002734,-82.994404	
39049,0038,Ohio,40.111101,-83.065452	
39049,0039,Ohio,39.928531,-82.980105	
39049,0081,Ohio,40.0877,-82.959773	
39051,0001,Ohio,41.57588,-83.9959	
39051,5502,Ohio,41.550019,-84.136469	
39053,0003,Ohio,38.950002,-82.108935	
39061,0014,Ohio,39.19433,-84.478974	
39061,0040,Ohio,39.12886,-84.50404	
39061,0041,Ohio,39.185967,-84.513719	
39061,0042,Ohio,39.10492,-84.55117	
39061,0044,Ohio,39.138374,-84.71157	
39061,0045,Ohio,39.170925,-84.518663	
39061,0046,Ohio,39.114126,-84.536297	
39061,0047,Ohio,39.131635,-84.707205	
39061,8001,Ohio,39.180527,-84.49215	
39081,0017,Ohio,40.36644,-80.61558	
39081,1001,Ohio,40.32207,-80.6063	
39085,3002,Ohio,41.72229,-81.24248	
39087,0010,Ohio,38.520043,-82.665331	
39087,0012,Ohio,38.508075,-82.659241	
39087,5503,Ohio,38.51814,-82.66877	
39091,0003,Ohio,40.343296,-83.75657	
39093,0016,Ohio,41.439458,-82.161501	
39093,3002,Ohio,41.463071,-82.114261	
39095,0006,Ohio,41.648056,-83.529167	
39095,0026,Ohio,41.62057,-83.64226	
39095,0081,Ohio,41.719483,-83.47515	
39099,0014,Ohio,41.095938,-80.658516	
39113,0019,Ohio,39.813889,-84.195	
39113,0031,Ohio,39.759533,-84.144201	
39113,0032,Ohio,39.760659,-84.187678	
39113,0035,Ohio,39.73855,-84.210917	
39113,0036,Ohio,39.747267,-84.2934	
39113,0038,Ohio,39.755969,-84.198674	
39121,8001,Ohio,39.940029,-81.3387	
39123,0006,Ohio,41.479182,-83.220425	
39123,0007,Ohio,41.486126,-83.20209	
39123,0008,Ohio,41.496126,-83.190701	
39123,0009,Ohio,41.539182,-83.212091	
39123,0010,Ohio,41.492515,-83.231258	
39123,0011,Ohio,41.493111,-83.223111	
39123,0012,Ohio,41.495848,-83.206812	
39123,0013,Ohio,41.496959,-83.20209	
39123,0014,Ohio,41.494737,-83.214313	
39135,1001,Ohio,39.83562,-84.72049	
39143,0019,Ohio,41.305556,-82.979611	
39145,0013,Ohio,38.75465,-82.917	
39145,0020,Ohio,38.609338,-82.822512	
39145,0021,Ohio,38.600611,-82.829782	
39145,0022,Ohio,38.588034,-82.834973	
39151,0017,Ohio,40.786878,-81.394186	
39151,0020,Ohio,40.800729,-81.373008	
39151,1001,Ohio,40.79736,-81.37621	
39153,0014,Ohio,41.079486,-81.516059	
39153,0017,Ohio,41.063526,-81.468956	
39153,0023,Ohio,41.087956,-81.541611	
39155,5504,Ohio,41.235061,-80.812667	
39167,0006,Ohio,39.374444,-81.525833	
39167,0008,Ohio,39.43147,-81.50131	
39167,0009,Ohio,39.376964,-81.537298	
39167,0010,Ohio,39.413598,-81.47062	
40001,9009,Oklahoma,35.750735,-94.669697	
40017,0101,Oklahoma,35.479215,-97.751503	
40031,9000,Oklahoma,34.732404,-98.713351	
40045,0890,Oklahoma,36.085509,-99.935376	
40051,0065,Oklahoma,34.877064,-97.707801	
40071,0602,Oklahoma,36.704761,-97.087656	
40071,0603,Oklahoma,36.697794,-97.0888	
40071,9010,Oklahoma,36.956222,-97.03135	
40097,0187,Oklahoma,36.292941,-95.303409	
40097,9014,Oklahoma,36.228408,-95.249943	
40109,0006,Oklahoma,35.436944,-97.400278	
40109,0041,Oklahoma,35.437641,-97.387254	
40109,0042,Oklahoma,35.380316,-97.40572	
40109,0097,Oklahoma,35.50307,-97.577981	
40109,1037,Oklahoma,35.614131,-97.475083	
40143,0172,Oklahoma,36.164435,-95.985204	
40143,0179,Oklahoma,36.15483,-96.015845	
40143,0191,Oklahoma,36.141697,-95.983793	
40143,0235,Oklahoma,36.126945,-95.998941	
40143,1127,Oklahoma,36.204902,-95.976537	
41005,0102,Oregon,45.28845,-121.782775	
41009,0004,Oregon,45.768531,-122.7721	
41013,0100,Oregon,44.299787,-120.844773	
41017,0120,Oregon,44.063916,-121.312554	
41029,0133,Oregon,42.31411,-122.87923	
41029,1001,Oregon,42.535958,-122.876155	
41029,2129,Oregon,42.33155,-122.880266	
41029,3001,Oregon,42.321495,-122.879746	
41033,0010,Oregon,42.104278,-123.681083	
41035,0004,Oregon,42.190296,-121.731369	
41035,8001,Oregon,42.909851,-122.140861	
41037,0001,Oregon,42.189215,-120.353969	
41039,0059,Oregon,44.067224,-123.141352	
41039,0060,Oregon,44.026312,-123.083737	
41039,0062,Oregon,44.0729,-123.1615	
41039,0070,Oregon,44.19982,-122.044547	
41039,2013,Oregon,43.744352,-122.480487	
41041,5501,Oregon,44.614926,-123.923389	
41047,0041,Oregon,44.943114,-123.005934	
41051,0015,Oregon,45.521667,-122.669444	
41051,0030,Oregon,45.49742,-122.67467	
41051,0080,Oregon,45.496641,-122.602877	
41051,0244,Oregon,45.535,-122.698889	
41051,0246,Oregon,45.56137,-122.6679	
41051,2001,Oregon,45.577175,-122.71775	
41051,5502,Oregon,45.539306,-122.669175	
41061,0010,Oregon,45.224748,-118.513962	
41061,0119,Oregon,45.339,-118.095206	
41063,0002,Oregon,45.079864,-116.844808	
41067,0004,Oregon,45.528501,-122.972398	
41067,0111,Oregon,45.470191,-122.816411	
42001,0001,Pennsylvania,39.92002,-77.30968	
42003,0002,Pennsylvania,40.499767,-80.071337	
42003,0008,Pennsylvania,40.46542,-79.960757	
42003,0021,Pennsylvania,40.413611,-79.941389	
42003,0031,Pennsylvania,40.443367,-79.990293	
42003,0064,Pennsylvania,40.323768,-79.868062	
42003,0067,Pennsylvania,40.375644,-80.169943	
42003,0116,Pennsylvania,40.473611,-80.077222	
42003,3007,Pennsylvania,40.294341,-79.885331	
42003,5503,Pennsylvania,40.49435,-80.09638	
42007,0007,Pennsylvania,40.673656,-80.317731	
42007,0014,Pennsylvania,40.747796,-80.316442	
42011,0009,Pennsylvania,40.320278,-75.926667	
42011,0010,Pennsylvania,40.392694,-75.925222	
42011,0011,Pennsylvania,40.38335,-75.9686	
42011,0015,Pennsylvania,40.350833,-75.935278	
42011,0031,Pennsylvania,40.416677,-75.935744	
42011,5504,Pennsylvania,40.357052,-75.934437	
42017,0012,Pennsylvania,40.107222,-74.882222	
42019,0020,Pennsylvania,41.0632,-80.0309	
42021,0011,Pennsylvania,40.309722,-78.915	
42027,0100,Pennsylvania,40.811389,-77.877028	
42029,0005,Pennsylvania,40.1914,-75.5699	
42029,0100,Pennsylvania,39.834461,-75.768242	
42043,0401,Pennsylvania,40.246992,-76.846988	
42045,0002,Pennsylvania,39.835556,-75.3725	
42045,0003,Pennsylvania,39.8969,-75.3539	
42045,0109,Pennsylvania,39.818715,-75.413973	
42049,0003,Pennsylvania,42.14175,-80.038611	
42049,0004,Pennsylvania,42.155833,-80.11333	
42049,0602,Pennsylvania,42.120561,-80.080318	
42069,2006,Pennsylvania,41.442778,-75.623056	
42071,0007,Pennsylvania,40.046667,-76.283333	
42077,0004,Pennsylvania,40.611944,-75.4325	
42085,9000,Pennsylvania,41.426911,-80.145067	
42091,0002,Pennsylvania,40.1181,-75.4114	
42091,0005,Pennsylvania,40.19255,-75.45754	
42091,0006,Pennsylvania,40.1833,-75.4342	
42091,0013,Pennsylvania,40.112222,-75.309167	
42091,0015,Pennsylvania,40.1964,-75.4658	
42095,0025,Pennsylvania,40.628056,-75.341111	
42099,0301,Pennsylvania,40.456944,-77.165556	
42101,0004,Pennsylvania,40.008889,-75.09778	
42101,0014,Pennsylvania,40.049616,-75.240822	
42101,0047,Pennsylvania,39.944651,-75.165206	
42101,0048,Pennsylvania,39.991389,-75.080833	
42101,0055,Pennsylvania,39.922867,-75.186921	
42101,0063,Pennsylvania,39.88294,-75.21965	
42101,0076,Pennsylvania,39.988842,-75.206817	
42101,0136,Pennsylvania,39.9275,-75.222778	
42101,1001,Pennsylvania,40.036389,-75.0025	
42101,1002,Pennsylvania,40.035985,-75.002405	
42115,0001,Pennsylvania,41.6972,-75.9145	
42119,0001,Pennsylvania,40.95517,-76.88189	
42125,0005,Pennsylvania,40.146667,-79.902222	
42125,5001,Pennsylvania,40.445278,-80.420833	
42125,5200,Pennsylvania,40.268963,-80.243995	
42129,0008,Pennsylvania,40.304694,-79.505667	
42131,0001,Pennsylvania,41.5658,-76.0643	
42133,0008,Pennsylvania,39.965278,-76.699444	
44003,0002,Rhode Island,41.615237,-71.72	
44003,0011,Rhode Island,41.73669,-71.43635	
44003,0012,Rhode Island,41.737969,-71.41441	
44003,0013,Rhode Island,41.7055,-71.37752	
44003,0014,Rhode Island,41.70549,-71.44176	
44003,0015,Rhode Island,41.715811,-71.43755	
44007,0022,Rhode Island,41.807776,-71.415105	
44007,0024,Rhode Island,41.783381,-71.383488	
44007,0025,Rhode Island,41.800071,-71.416853	
44007,0026,Rhode Island,41.874668,-71.379971	
44007,0029,Rhode Island,41.816435,-71.437899	
44007,1010,Rhode Island,41.841039,-71.36097	
45001,0001,South Carolina,34.325318,-82.386376	
45003,1001,South Carolina,33.432534,-81.892333	
45007,0001,South Carolina,34.503778,-82.652939	
45013,0001,South Carolina,32.436537,-80.677023	
45013,0007,South Carolina,32.434882,-80.677853	
45019,0001,South Carolina,32.783765,-79.952454	
45019,0003,South Carolina,32.882289,-79.977538	
45019,0019,South Carolina,32.826265,-79.938856	
45019,0037,South Carolina,32.733889,-79.966389	
45019,0046,South Carolina,32.941023,-79.657187	
45019,0047,South Carolina,32.844606,-79.948036	
45019,0049,South Carolina,32.790984,-79.958694	
45019,5501,South Carolina,32.85395,-79.97042	
45025,0001,South Carolina,34.615367,-80.198787	
45033,0001,South Carolina,34.420552,-79.37651	
45037,0001,South Carolina,33.739963,-81.853635	
45041,0001,South Carolina,34.197944,-79.798851	
45041,0002,South Carolina,34.167636,-79.850404	
45043,0001,South Carolina,33.377165,-79.289464	
45043,0002,South Carolina,33.370549,-79.29758	
45043,0006,South Carolina,33.362014,-79.294251	
45043,0007,South Carolina,33.347903,-79.298192	
45043,0008,South Carolina,33.381265,-79.28477	
45043,0009,South Carolina,33.373994,-79.285697	
45043,0010,South Carolina,33.367807,-79.298399	
45043,8001,South Carolina,33.36638,-79.297257	
45045,0008,South Carolina,34.838814,-82.402918	
45045,0009,South Carolina,34.899141,-82.31307	
45045,0015,South Carolina,34.843895,-82.414585	
45045,1002,South Carolina,34.870243,-82.419309	
45045,2002,South Carolina,34.939786,-82.22961	
45045,8001,South Carolina,34.937784,-82.262926	
45045,8002,South Carolina,34.939722,-82.258333	
45047,0001,South Carolina,34.179381,-82.152241	
45047,0002,South Carolina,34.165204,-82.160479	
45047,0003,South Carolina,34.212869,-82.173149	
45049,0001,South Carolina,32.875572,-81.115305	
45049,0002,South Carolina,32.881347,-81.108251	
45051,0002,South Carolina,33.702771,-78.877478	
45055,0001,South Carolina,34.249346,-80.608953	
45059,0001,South Carolina,34.504293,-82.021004	
45063,0002,South Carolina,34.070724,-81.173549	
45063,0004,South Carolina,33.798434,-81.102941	
45063,0005,South Carolina,33.785602,-81.119776	
45063,0008,South Carolina,34.051017,-81.15495	
45063,1002,South Carolina,33.969004,-81.065326	
45079,0003,South Carolina,34.007389,-81.052438	
45079,0006,South Carolina,34.007398,-81.02329	
45079,0007,South Carolina,34.093959,-80.962304	
45079,0013,South Carolina,34.014443,-81.0417	
45079,0014,South Carolina,33.984969,-81.019667	
45079,0019,South Carolina,33.991509,-81.024141	
45079,0020,South Carolina,34.015494,-81.034179	
45079,0021,South Carolina,33.81468,-80.781135	
45079,1002,South Carolina,34.132628,-80.876002	
45079,1003,South Carolina,34.024497,-81.036248	
45079,1006,South Carolina,33.817902,-80.826596	
45083,0001,South Carolina,34.947726,-81.932555	
45083,0004,South Carolina,34.939167,-81.897778	
45083,0007,South Carolina,34.883731,-81.974068	
45083,0008,South Carolina,34.879311,-81.965825	
45085,0001,South Carolina,33.922369,-80.337735	
45091,0005,South Carolina,34.963013,-81.000894	
45091,0006,South Carolina,34.935817,-81.228409	
46033,0003,South Dakota,43.768683,-103.584732	
46033,0132,South Dakota,43.55764,-103.48386	
46071,0001,South Dakota,43.74561,-101.941218	
46099,0006,South Dakota,43.544289,-96.726435	
46099,0007,South Dakota,43.537626,-96.682001	
46099,0008,South Dakota,43.54792,-96.700769	
46127,0001,South Dakota,42.751518,-96.707208	
47009,0101,Tennessee,35.63348,-83.941606	
47037,0010,Tennessee,36.152222,-86.807778	
47037,0011,Tennessee,36.205,-86.744722	
47037,0023,Tennessee,36.176326,-86.738902	
47043,0008,Tennessee,36.047778,-87.342778	
47043,0010,Tennessee,36.059907,-87.352381	
47065,4002,Tennessee,35.050918,-85.293019	
47093,0022,Tennessee,35.968734,-83.911379	
47093,0027,Tennessee,35.983056,-83.952253	
47093,1017,Tennessee,35.978074,-83.950666	
47093,1020,Tennessee,36.019186,-83.87381	
47099,0002,Tennessee,35.115968,-87.469954	
47105,0108,Tennessee,35.744539,-84.317057	
47105,0109,Tennessee,35.720894,-84.342193	
47125,1009,Tennessee,36.514627,-87.328041	
47145,0104,Tennessee,35.873152,-84.689646	
47145,1001,Tennessee,35.916761,-84.503624	
47145,1007,Tennessee,35.868889,-84.698056	
47157,0010,Tennessee,35.09583,-90.07006	
47157,0024,Tennessee,35.151194,-90.041559	
47157,0040,Tennessee,35.165278,-90.040556	
47157,0047,Tennessee,35.168894,-90.021537	
47157,0075,Tennessee,35.151699,-89.850249	
47163,1007,Tennessee,36.538761,-82.521599	
47165,0007,Tennessee,36.29756,-86.653137	
47167,0102,Tennessee,35.554167,-89.645	
47167,0103,Tennessee,35.546667,-89.648333	
48005,5501,Texas,31.17991,-94.79049	
48029,0051,Texas,29.445046,-98.406501	
48029,0677,Texas,29.423944,-98.580499	
48039,1003,Texas,29.010841,-95.397744	
48043,0002,Texas,30.3658,-103.6491	
48043,0101,Texas,29.30265,-103.17781	
48061,0006,Texas,25.892518,-97.49383	
48061,2004,Texas,26.069615,-97.1622	
48065,1001,Texas,35.1825,-101.621944	
48109,0101,Texas,31.833333,-104.809722	
48113,0018,Texas,32.744981,-96.781883	
48113,0045,Texas,32.919722,-96.808056	
48113,0050,Texas,32.774262,-96.797686	
48113,0057,Texas,32.778889,-96.873056	
48113,0066,Texas,32.739722,-96.782778	
48113,0069,Texas,32.820061,-96.860117	
48113,0070,Texas,32.764722,-96.929444	
48113,1006,Texas,32.910556,-96.669167	
48113,5502,Texas,32.750557,-96.8058	
48121,0034,Texas,33.219069,-97.196284	
48121,1007,Texas,33.045862,-97.130002	
48121,1013,Texas,33.13093,-97.29765	
48135,0003,Texas,31.836575,-102.342037	
48135,0004,Texas,31.826389,-102.308333	
48135,1014,Texas,31.870253,-102.334756	
48139,0007,Texas,32.531667,-96.991389	
48139,0015,Texas,32.436944,-97.025	
48139,0016,Texas,32.482083,-97.026899	
48139,0017,Texas,32.473611,-97.0425	
48139,1044,Texas,32.175417,-96.870189	
48141,0001,Texas,31.760833,-106.483333	
48141,0002,Texas,31.757654,-106.482922	
48141,0010,Texas,31.899722,-106.4125	
48141,0027,Texas,31.763076,-106.486712	
48141,0028,Texas,31.753611,-106.403889	
48141,0033,Texas,31.776944,-106.501667	
48141,0037,Texas,31.768291,-106.50126	
48141,0041,Texas,31.760538,-106.500449	
48141,0044,Texas,31.765685,-106.455227	
48141,0047,Texas,31.775942,-106.413177	
48141,0053,Texas,31.758532,-106.501045	
48141,0055,Texas,31.746775,-106.402806	
48141,0057,Texas,31.6675,-106.288	
48141,0058,Texas,31.893913,-106.425827	
48141,1011,Texas,31.758476,-106.407346	
48141,9001,Texas,31.6869,-106.3228	
48167,0005,Texas,29.385234,-94.93152	
48167,0014,Texas,29.263319,-94.856568	
48167,0053,Texas,29.39,-94.919444	
48167,1002,Texas,29.398611,-94.933333	
48167,1034,Texas,29.254474,-94.861289	
48183,0001,Texas,32.378682,-94.711811	
48201,0024,Texas,29.901036,-95.326137	
48201,0026,Texas,29.802707,-95.125495	
48201,0029,Texas,30.039524,-95.673951	
48201,0030,Texas,29.854288,-95.128711	
48201,0036,Texas,29.7761,-95.1051	
48201,0055,Texas,29.695729,-95.499219	
48201,0057,Texas,29.734231,-95.238469	
48201,0058,Texas,29.770698,-95.031232	
48201,0061,Texas,29.615001,-95.018132	
48201,0064,Texas,29.699444,-95.268889	
48201,0069,Texas,29.706249,-95.26113	
48201,0307,Texas,29.718799,-95.259909	
48201,0803,Texas,29.764788,-95.178538	
48201,0807,Texas,29.768889,-95.0175	
48201,1015,Texas,29.761653,-95.081386	
48201,1034,Texas,29.767997,-95.220582	
48201,1035,Texas,29.733726,-95.257593	
48201,1037,Texas,29.751111,-95.361389	
48201,1039,Texas,29.670025,-95.128508	
48201,1041,Texas,29.751667,-95.083611	
48201,1049,Texas,29.716611,-95.222467	
48201,5503,Texas,29.93939,-95.65133	
48201,5504,Texas,29.7068,-95.1175	
48201,5505,Texas,29.75273,-95.37244	
48201,6000,Texas,29.68436,-95.253598	
48203,0002,Texas,32.668987,-94.167457	
48215,0042,Texas,26.309858,-98.183101	
48215,0043,Texas,26.22621,-98.291069	
48215,1048,Texas,26.131081,-97.937265	
48231,1006,Texas,33.153088,-96.115572	
48243,0004,Texas,30.669362,-104.024657	
48245,0009,Texas,30.036422,-94.071061	
48245,0011,Texas,29.897516,-93.991084	
48245,0014,Texas,29.961124,-93.895928	
48245,0017,Texas,29.982531,-93.952866	
48245,0018,Texas,29.942798,-94.00077	
48245,0019,Texas,29.893849,-93.979262	
48245,0020,Texas,30.06607,-94.077383	
48245,0021,Texas,29.922894,-93.909018	
48245,0022,Texas,29.863957,-94.317802	
48245,1035,Texas,29.978926,-94.010872	
48245,1050,Texas,30.067116,-94.090924	
48245,4007,Texas,29.986667,-93.954167	
48251,1008,Texas,32.469701,-97.169271	
48257,0005,Texas,32.564968,-96.317687	
48273,0314,Texas,27.426981,-97.298692	
48303,0001,Texas,33.590851,-101.847594	
48303,0325,Texas,33.590764,-101.850419	
48339,0078,Texas,30.350302,-95.425128	
48339,0089,Texas,30.353889,-95.421667	
48355,0020,Texas,27.806944,-97.454167	
48355,0029,Texas,27.807544,-97.419258	
48355,0030,Texas,27.807778,-97.434444	
48355,0032,Texas,27.804505,-97.431582	
48355,0034,Texas,27.811817,-97.465703	
48355,0083,Texas,27.802888,-97.419878	
48361,1001,Texas,30.085263,-93.761341	
48361,1100,Texas,30.194167,-93.866944	
48423,0005,Texas,32.492222,-95.183333	
48439,0057,Texas,32.706944,-97.093611	
48439,0075,Texas,32.987891,-97.477175	
48439,1002,Texas,32.805818,-97.356568	
48439,1009,Texas,32.621136,-97.290353	
48439,3002,Texas,32.943611,-97.069722	
48439,3004,Texas,32.923611,-97.043889	
48439,3005,Texas,32.926111,-97.043611	
48439,3009,Texas,32.98426,-97.063721	
48439,3011,Texas,32.656357,-97.088585	
48453,0016,Texas,30.265278,-97.709444	
48453,0017,Texas,30.264167,-97.746111	
48453,0020,Texas,30.483168,-97.872301	
48453,0021,Texas,30.263208,-97.712883	
48453,7000,Texas,30.2632,-97.7131	
48453,7001,Texas,30.3544,-97.7602	
48453,7002,Texas,30.2322,-97.7444	
48453,7003,Texas,30.3926,-97.7285	
48479,0016,Texas,27.517449,-99.515219	
48479,0017,Texas,27.501826,-99.502984	
48491,7004,Texas,30.5326,-97.6849	
48497,0088,Texas,33.221721,-97.584445	
49011,0001,Utah,40.886389,-111.882222	
49011,0004,Utah,40.902967,-111.884467	
49017,0101,Utah,37.618383,-112.174368	
49019,0101,Utah,38.778333,-109.5975	
49035,3006,Utah,40.736389,-111.872222	
49035,3007,Utah,40.704444,-111.968611	
49037,0101,Utah,38.45832,-109.82126	
49049,4001,Utah,40.341389,-111.713611	
49049,9000,Utah,40.444843,-111.708885	
49053,0130,Utah,37.1983,-113.1506	
49053,9000,Utah,37.459079,-113.225096	
49055,9000,Utah,38.302177,-111.293349	
50003,8001,Vermont,43.148176,-73.126323	
50005,0002,Vermont,44.539444,-72.010833	
50007,0003,Vermont,44.478889,-73.211944	
50007,0007,Vermont,44.52839,-72.86884	
50007,0010,Vermont,0,0	
50007,0012,Vermont,44.480278,-73.214444	
50007,0014,Vermont,44.4762,-73.2106	
50007,0016,Vermont,44.475997,-73.2061	
50007,0017,Vermont,44.475747,-73.206233	
50007,0018,Vermont,44.475894,-73.210478	
50007,0019,Vermont,44.4753,-73.211012	
50007,0020,Vermont,44.476234,-73.212606	
50007,0021,Vermont,44.467681,-73.177867	
50007,0022,Vermont,44.478449,-73.196594	
50007,0023,Vermont,44.483603,-73.217536	
50007,0024,Vermont,44.462354,-73.115962	
50007,0025,Vermont,44.459249,-73.221471	
50007,0026,Vermont,44.462411,-73.186101	
50021,0002,Vermont,43.608056,-72.982778	
50023,3001,Vermont,44.195278,-72.497222	
50025,0004,Vermont,42.888889,-72.554167	
50025,9000,Vermont,42.9561,-72.9098	
51013,0020,Virginia,38.8577,-77.05922	
51033,0001,Virginia,38.20087,-77.37742	
51059,0030,Virginia,38.77335,-77.10468	
51069,0011,Virginia,39.131777,-78.199528	
51069,0012,Virginia,39.256638,-78.090222	
51087,0014,Virginia,37.55652,-77.40027	
51113,0003,Virginia,38.5231,-78.43471	
51139,0004,Virginia,38.66373,-78.50442	
51163,0003,Virginia,37.62668,-79.51257	
51163,9001,Virginia,37.616758,-79.483058	
51520,0006,Virginia,36.608,-82.1641	
51650,0004,Virginia,37.000983,-76.398633	
51670,0008,Virginia,0,0	
51670,0010,Virginia,37.289616,-77.291816	
51710,0024,Virginia,36.85555,-76.30135	
51760,0020,Virginia,37.510556,-77.498333	
51770,0012,Virginia,0,0	
51770,0014,Virginia,37.256111,-79.985	
51810,0008,Virginia,36.841883,-76.181233	
51840,0002,Virginia,39.18397,-78.16308	
53003,0333,Washington,46.384783,-117.105279	
53009,0013,Washington,48.29786,-124.62491	
53009,0014,Washington,48.37182,-124.59519	
53009,0020,Washington,48.006295,-122.973953	
53011,0011,Washington,45.616667,-122.516667	
53011,0013,Washington,45.648333,-122.586944	
53011,0023,Washington,45.64987,-122.5901	
53011,0030,Washington,45.641683,-122.681233	
53015,0006,Washington,46.119444,-122.945833	
53015,5501,Washington,46.12784,-122.9596	
53033,0010,Washington,47.5525,-122.064722	
53033,0020,Washington,47.468333,-122.299444	
53033,0024,Washington,47.755,-122.2806	
53033,0030,Washington,47.597222,-122.319722	
53033,0032,Washington,47.545556,-122.322222	
53033,0034,Washington,47.600833,-122.314444	
53033,0035,Washington,47.599444,-122.326111	
53033,0038,Washington,47.688863,-122.313346	
53033,0048,Washington,47.6153,-122.33	
53033,0057,Washington,47.55975,-122.338265	
53033,0080,Washington,47.568236,-122.308628	
53033,5502,Washington,47.52373,-122.325	
53037,0004,Washington,47.399815,-121.427096	
53039,0003,Washington,45.666204,-121.000708	
53039,0010,Washington,45.749818,-121.401159	
53041,0007,Washington,46.624184,-121.388064	
53047,0012,Washington,48.387531,-119.928671	
53053,0029,Washington,47.1864,-122.4517	
53053,0031,Washington,47.2656,-122.3858	
53053,0034,Washington,47.226666,-122.412166	
53053,1004,Washington,47.253611,-122.435	
53053,1010,Washington,46.75838,-122.12429	
53061,1007,Washington,48.054315,-122.171529	
53063,0016,Washington,47.660743,-117.358121	
53063,0050,Washington,47.695447,-117.370303	
53063,0051,Washington,47.799851,-117.801091	
53063,0052,Washington,47.665122,-117.429093	
53063,0053,Washington,47.6822,-117.3048	
53073,0016,Washington,48.763056,-122.475833	
53073,0020,Washington,48.953105,-122.559868	
53073,0022,Washington,48.73142,-121.065815	
53077,0009,Washington,46.598056,-120.499167	
54009,5501,West Virginia,40.335643,-80.595323	
54039,0010,West Virginia,38.3456,-81.628317	
54039,0011,West Virginia,38.448833,-81.684717	
54039,0020,West Virginia,38.346258,-81.621161	
54039,1005,West Virginia,38.366183,-81.693717	
54051,1002,West Virginia,39.915961,-80.733858	
54061,0003,West Virginia,39.649367,-79.920867	
54069,0010,West Virginia,40.114876,-80.700972	
54089,0001,West Virginia,37.773056,-80.706667	
54093,9000,West Virginia,39.105336,-79.425851	
55009,0005,Wisconsin,44.50729,-87.99344	
55009,0021,Wisconsin,44.513056,-88.018333	
55009,0023,Wisconsin,44.534722,-87.991389	
55025,0024,Wisconsin,43.072222,-89.381944	
55025,0025,Wisconsin,43.081944,-89.376667	
55025,0041,Wisconsin,43.100838,-89.357298	
55027,0001,Wisconsin,43.466111,-88.621111	
55027,0007,Wisconsin,43.434996,-88.527879	
55041,0007,Wisconsin,45.563,-88.8088	
55059,0019,Wisconsin,42.504722,-87.8093	
55071,0007,Wisconsin,44.138619,-87.6161	
55071,0011,Wisconsin,44.0876,-87.6589	
55079,0010,Wisconsin,43.016667,-87.933333	
55079,0026,Wisconsin,43.060975,-87.913504	
55079,0041,Wisconsin,43.075,-87.884	
55079,0064,Wisconsin,43.016944,-87.918056	
55079,0099,Wisconsin,43.039871,-87.920794	
55089,0009,Wisconsin,43.49806,-87.81	
55119,8001,Wisconsin,45.2066,-90.5972	
55125,0001,Wisconsin,46.052,-89.653	
55133,0018,Wisconsin,43.018889,-88.219722	
55133,0027,Wisconsin,43.020075,-88.21507	
55135,0004,Wisconsin,44.35288,-89.05083	
55141,0016,Wisconsin,44.3825,-89.819167	
56001,9000,Wyoming,41.366166,-106.242427	
56005,0123,Wyoming,44.6522,-105.2903	
56019,9000,Wyoming,44.33344,-106.957181	
56021,0100,Wyoming,41.182227,-104.778334	
56029,9002,Wyoming,44.744723,-109.382366	
56035,9000,Wyoming,42.974831,-109.758655	
56035,9001,Wyoming,42.846483,-109.639733	
56039,9000,Wyoming,44.565217,-110.400996	
56039,9001,Wyoming,44.565317,-110.401096	
72017,0003,Puerto Rico,18.436764,-66.58002	
72021,0006,Puerto Rico,18.417315,-66.150293	
72021,0010,Puerto Rico,18.420089,-66.150615	
72061,0001,Puerto Rico,18.425652,-66.115846	
72113,0002,Puerto Rico,18.014281,-66.611694	
72137,0001,Puerto Rico,18.449167,-66.181667	
78010,0008,Virgin Islands,17.708308,-64.793479	
78010,0012,Virgin Islands,17.712474,-64.784868	
78010,0019,Virgin Islands,17.725278,-64.780278	
78020,0001,Virgin Islands,18.334399,-64.795972	
80002,0001,Country Of Mexico,32.525,-116.985	
80002,0002,Country Of Mexico,32.525833,-117.0375	
80002,0003,Country Of Mexico,32.498333,-116.976667	
80002,0004,Country Of Mexico,32.343333,-117.054722	
80002,0005,Country Of Mexico,32.5,-117.116667	
80002,0008,Country Of Mexico,32.615278,-115.436111	
80002,0010,Country Of Mexico,32.615278,-115.388056	
80002,0011,Country Of Mexico,32.570833,-115.350833	
80002,0012,Country Of Mexico,32.629167,-115.446944	
80002,0013,Country Of Mexico,32.659167,-115.426111	
80002,0014,Country Of Mexico,32.633611,-115.504167	
80002,0015,Country Of Mexico,32.5825,-115.578056	
80002,0016,Country Of Mexico,32.518889,-117.011944	
80002,0017,Country Of Mexico,32.575,-116.618333	
80006,0001,Country Of Mexico,31.718611,-106.396111	
80006,0010,Country Of Mexico,29.5311,-104.4153	
80006,0010,Country Of Mexico,29.5311,-104.4153	
