Alabama,005,0002	31.664137	-85.606234
Alabama,055,0008	34.015	-86.012222
Alabama,073,0023	33.553056	-86.815
Alabama,073,0028	33.529444	-86.850278
Alabama,073,1009	33.459722	-87.305556
Alabama,073,2003	33.499722	-86.924167
Alabama,073,5002	33.704722	-86.669167
Alabama,073,5501	33.55724	-86.819499
Alabama,073,5502	33.5448	-86.8239
Alabama,073,5503	33.5684	-86.8029
Alabama,073,5504	33.5784	-86.7718
Alabama,073,5505	33.556633	-86.805464
Alabama,073,6002	33.578333	-86.773889
Alabama,073,6004	33.565278	-86.796389
Alabama,079,0002	34.342904	-87.33973
Alabama,089,0003	34.72874	-86.58501
Alabama,089,0014	34.687761	-86.586362
Alabama,097,0003	30.769941	-88.087526
Alabama,097,3101	30.7703	-88.0875
Alabama,097,3102	30.7089	-88.0519
Alabama,097,3103	30.9383	-88.025
Alabama,097,3104	30.6156	-88.3444
Alabama,097,3105	30.5764	-88.1403
Alabama,101,1002	32.412811	-86.263394
Alabama,103,0011	34.518735	-86.976939
Alabama,113,0001	32.472136	-85.005028
Alabama,117,0004	33.317316	-86.825092
Alaska,013,0002	55.324675	-160.508331
Alaska,020,0018	61.205861	-149.824602
Alaska,068,0003	63.7232	-148.9676
Alaska,090,0010	64.840672	-147.722461
Alaska,090,0034	64.84569	-147.727413
Alaska,090,0035	64.762973	-147.310297
Alaska,122,0009	59.982667	-152.661089
Alaska,122,9000	60.012315	-151.711491
Alaska,170,0011	62.314754	-150.317909
Alaska,188,9000	67.091949	-157.874821
Alaska,280,9000	56.61076	-132.81234
Alaska,290,9000	66.93093	-151.49188
Arizona,001,8001	34.058475	-109.441259
Arizona,003,1005	31.3492	-109.539683
Arizona,003,8001	32.00941	-109.38906
Arizona,005,2002	36.080556	-112.155
Arizona,005,8100	36.077814	-112.129551
Arizona,005,8101	36.077614	-112.129651
Arizona,005,8102	35.973117	-111.984846
Arizona,005,8103	35.140635	-111.969938
Arizona,005,9000	35.1639	-111.9823
Arizona,007,0010	33.6547	-111.1074
Arizona,007,8020	33.002405	-110.78485
Arizona,007,8021	32.99304	-110.771458
Arizona,007,8100	34.090866	-110.942801
Arizona,013,0019	33.48385	-112.14257
Arizona,013,4003	33.40316	-112.07533
Arizona,013,4005	33.4124	-111.93473
Arizona,013,4009	33.40642	-112.14434
Arizona,013,7003	33.290229	-112.160597
Arizona,013,7020	33.488242	-111.855654
Arizona,013,8006	33.4349	-112.093
Arizona,013,9812	33.4265	-112.11814
Arizona,013,9997	33.503833	-112.095767
Arizona,013,9998	33.455277	-111.996111
Arizona,015,1011	35.588726	-113.489025
Arizona,015,1111	34.55199	-113.372362
Arizona,015,9000	36.019302	-114.069205
Arizona,017,0119	34.82251	-109.89249
Arizona,019,0005	31.95	-112.801
Arizona,019,0021	32.174538	-110.737116
Arizona,019,1009	32.27229	-110.989079
Arizona,019,1017	32.223611	-110.891667
Arizona,019,1023	32.222103	-110.893842
Arizona,019,1028	32.29515	-110.9823
Arizona,019,9000	32.248712	-111.218494
Arizona,021,8001	33.293465	-111.285594
Arizona,023,9000	31.33745	-110.93715
Arizona,025,0005	34.42888	-112.961944
Arizona,025,8104	34.340556	-111.683923
Arkansas,003,0005	33.136862	-91.950377
Arkansas,035,0005	35.197288	-90.193141
Arkansas,089,0001	36.084167	-92.586667
Arkansas,091,0096	33.1875	-94.023889
Arkansas,101,9000	35.825893	-93.203187
Arkansas,113,0003	34.454514	-94.143521
Arkansas,119,0007	34.756189	-92.281296
Arkansas,119,1007	34.744931	-92.320064
Arkansas,139,0004	33.213889	-92.668611
Arkansas,145,0001	35.24894	-91.715596
California,001,0003	37.6849	-121.7659
California,001,0006	37.710229	-122.116899
California,001,0007	37.687526	-121.784217
California,001,0008	37.817118	-122.280454
California,001,0009	37.743065	-122.169935
California,001,0011	37.814781	-122.282347
California,001,0012	37.793624	-122.263376
California,001,0013	37.864767	-122.302741
California,001,1001	37.535833	-121.961823
California,001,2003	37.816514	-122.23062
California,001,2004	37.877794	-122.30129
California,001,2005	37.689615	-121.631916
California,001,5001	37.718442	-122.160997
California,005,0010	38.288889	-120.909722
California,007,0002	39.757371	-121.843286
California,007,0005	39.729444	-121.842222
California,007,0008	39.761538	-121.84162
California,013,0002	37.936013	-122.026154
California,013,0003	37.95	-122.356111
California,013,0006	37.948172	-122.364852
California,013,1001	38.05492	-122.233229
California,013,1002	38.006311	-121.641918
California,013,1003	37.9642	-122.3403
California,013,1004	37.9604	-122.356811
California,013,2001	38.012816	-122.134467
California,013,2003	38.0096	-121.8211
California,013,2004	38.0066	-122.0908
California,013,2005	37.90872	-122.071
California,013,2006	38.0106	-122.0291
California,013,2007	37.743649	-121.934188
California,013,3001	38.029258	-121.896866
California,015,0002	41.560952	-124.083964
California,017,0008	38.933056	-119.966667
California,017,9000	38.976	-120.103506
California,017,9001	38.9248	-119.97
California,019,0008	36.781333	-119.77319
California,019,0011	36.785322	-119.774174
California,019,3002	36.60722	-119.53972
California,019,4001	36.59745	-119.504569
California,019,5001	36.819111	-119.717356
California,019,9000	37.22064	-119.155557
California,023,0010	40.884722	-123.991389
California,025,0004	32.673889	-115.503056
California,025,0005	32.676186	-115.484144
California,025,1003	32.79222	-115.56306
California,027,0002	37.360684	-118.330783
California,027,0101	36.508611	-116.847778
California,027,1001	36.049402	-117.943927
California,027,1003	36.487823	-117.871036
California,029,0004	35.375	-119.021667
California,029,0009	35.361111	-119.059167
California,029,0010	35.385574	-119.015009
California,029,0014	35.356092	-119.041209
California,029,2004	35.142222	-119.46
California,029,2012	35.331302	-119.000974
California,029,5001	35.208333	-118.784444
California,029,6001	35.503587	-119.272606
California,029,9001	34.821922	-118.887598
California,029,9002	34.828862	-118.879126
California,029,9901	35.69868	-118.203013
California,031,0003	36.086111	-119.5625
California,031,0004	36.10218	-119.566954
California,033,3010	38.77453	-122.6995
California,033,3011	38.84846	-122.75797
California,037,0002	34.1365	-117.92391
California,037,1002	34.17605	-118.31712
California,037,1103	34.06659	-118.22688
California,037,1601	34.01407	-118.06056
California,037,1602	34.01194	-118.06995
California,037,4002	33.82376	-118.18921
California,037,5001	33.92288	-118.37026
California,037,5005	33.9508	-118.43043
California,037,5501	33.94156	-118.3658
California,037,5502	34.08723	-118.02784
California,037,5503	34.03168	-118.21674
California,037,6002	34.3875	-118.533611
California,037,6012	34.38344	-118.5284
California,037,9000	34.37892	-117.69211
California,037,9034	34.813056	-118.883889
California,039,0001	36.954722	-120.036389
California,039,0004	36.866667	-120.01
California,041,0001	37.97231	-122.520004
California,041,0002	38.123056	-122.908333
California,041,0004	37.832725	-122.527658
California,043,0003	37.71325	-119.7062
California,051,9000	38.088023	-119.178069
California,055,0003	38.310942	-122.296189
California,059,0007	33.83062	-117.93845
California,061,0006	38.745726	-121.266312
California,063,1008	39.791667	-120.471667
California,063,1009	39.808333	-120.471667
California,063,1010	39.81336	-120.47069
California,065,0012	33.92086	-116.85841
California,065,1016	33.944713	-116.830074
California,065,3011	33.796533	-116.974417
California,065,3012	33.76485	-116.9569
California,065,8001	33.99958	-117.41601
California,065,9000	33.463644	-116.971457
California,067,0001	38.667222	-121.250278
California,067,0006	38.613779	-121.368014
California,067,0010	38.558228	-121.492981
California,067,0011	38.302591	-121.420838
California,067,0012	38.683304	-121.164457
California,067,0013	38.636944	-121.513333
California,069,0003	36.48324	-121.15688
California,071,0006	35.76	-117.373889
California,071,0014	34.5125	-117.33
California,071,1004	34.10374	-117.62914
California,071,2002	34.10002	-117.49201
California,071,9002	34.06957	-116.38893
California,071,9010	34.193925	-116.914063
California,073,0001	32.631231	-117.059075
California,073,0003	32.791194	-116.942092
California,073,0006	32.836461	-117.128752
California,073,1002	33.127711	-117.075325
California,073,1006	32.842242	-116.768225
California,073,1007	32.709172	-117.153975
California,073,1008	33.217025	-117.396158
California,073,1009	32.698611	-117.132222
California,073,1010	32.701492	-117.149653
California,073,1014	32.579361	-116.929486
California,073,1018	32.817978	-116.968133
California,073,1022	32.789561	-116.944222
California,073,2007	32.552164	-116.937772
California,073,5501	33.272583	-116.95675
California,075,0005	37.765946	-122.399044
California,075,0006	37.7338	-122.3824
California,077,1002	37.950741	-121.268523
California,077,3002	37.74	-121.531944
California,077,3003	37.738056	-121.534444
California,079,1005	35.043889	-120.580278
California,081,1001	37.482934	-122.20337
California,083,0010	34.421389	-119.701111
California,083,2015	34.433471	-119.86409
California,083,9000	34.733889	-120.008349
California,085,0004	37.339666	-121.888575
California,085,0005	37.348497	-121.894898
California,085,0006	37.338135	-121.849783
California,085,1002	37.3735	-122.077
California,085,2003	37.3062	-121.84885
California,085,2004	37.323056	-121.926111
California,085,2005	37.3915	-121.8422
California,085,2007	37.355475	-122.050845
California,085,2008	37.402244	-122.066597
California,085,2009	37.318435	-122.069705
California,085,3001	37.316667	-121.926667
California,085,5506	37.32756	-122.0646
California,089,3003	40.53999	-121.57646
California,093,0005	41.711825	-121.509993
California,095,0004	38.102507	-122.237976
California,095,0006	38.0656	-122.1507
California,097,0003	38.443503	-122.710169
California,097,0004	38.403765	-122.818294
California,099,0002	37.648889	-120.996667
California,099,0003	37.641667	-120.993611
California,099,0005	37.641583	-120.994622
California,105,9000	40.786247	-122.805707
California,107,1001	36.498889	-118.823889
California,107,2002	36.332179	-119.291228
California,111,2002	34.276362	-118.683757
California,111,2003	34.2804	-119.313611
California,111,3001	34.252378	-119.143176
Colorado,001,0001	39.827594	-104.937668
Colorado,001,0005	39.796009	-104.977538
Colorado,001,0006	39.826007	-104.937438
Colorado,001,3001	39.838119	-104.94984
Colorado,003,9000	37.724919	-105.519073
Colorado,013,7001	40.013783	-105.25405
Colorado,013,7002	40.1489	-105.059233
Colorado,013,7003	40.204183	-105.248233
Colorado,013,7004	40.03625	-105.543383
Colorado,013,7005	39.9572	-105.23847
Colorado,031,0002	39.751184	-104.987625
Colorado,031,0015	39.698008	-104.987111
Colorado,031,0023	39.781083	-104.95665
Colorado,031,0025	39.704005	-104.998113
Colorado,031,0026	39.77949	-105.00518
Colorado,031,0602	39.788333	-104.986667
Colorado,031,0603	39.795	-104.976944
Colorado,031,1601	39.777222	-104.985556
Colorado,031,8001	39.743499	-105.0081
Colorado,031,8005	39.783546	-104.955857
Colorado,035,0004	39.534488	-105.070358
Colorado,037,0612	39.563056	-106.414444
Colorado,041,0011	38.828042	-104.827739
Colorado,045,0005	39.453654	-108.053259
Colorado,045,0007	39.531813	-107.782298
Colorado,045,0009	39.487755	-107.659685
Colorado,045,0015	40.085	-107.312
Colorado,045,0018	39.412278	-107.230397
Colorado,045,0019	39.43806	-108.02611
Colorado,045,0020	39.5464	-107.3286
Colorado,057,9000	40.5383	-106.6766
Colorado,059,0006	39.912799	-105.188587
Colorado,067,0008	37.267684	-107.874589
Colorado,067,1004	37.30389	-107.484167
Colorado,067,5501	37.122872	-107.862514
Colorado,069,0007	40.27813	-105.54564
Colorado,069,0011	40.592543	-105.141122
Colorado,069,9000	40.362381	-105.564396
Colorado,077,0003	39.0916	-108.563775
Colorado,077,0016	39.058889	-108.554444
Colorado,077,0017	39.063798	-108.561173
Colorado,077,0018	39.064289	-108.56155
Colorado,083,0101	37.1984	-108.49046
Colorado,097,0002	39.154	-106.821
Colorado,101,0013	38.23889	-104.58434
Colorado,101,0014	38.244167	-104.606241
Colorado,103,9000	39.9153	-107.6345
Colorado,107,9000	40.444973	-106.740634
Colorado,111,9000	37.659409	-107.800541
Colorado,123,0008	40.209387	-104.82405
Colorado,123,0010	40.423432	-104.69479
Connecticut,001,0010	41.170833	-73.194722
Connecticut,001,0017	41.003611	-73.585
Connecticut,001,8001	41.053333	-73.534167
Connecticut,001,9003	41.118333	-73.336667
Connecticut,003,0016	41.766944	-72.691944
Connecticut,003,0017	41.769167	-72.670278
Connecticut,003,1003	41.784722	-72.631667
Connecticut,003,1004	41.765833	-72.645278
Connecticut,005,0005	41.821342	-73.297257
Connecticut,009,0018	41.293889	-72.901389
Connecticut,009,0027	41.3014	-72.902871
Connecticut,009,1123	41.310833	-72.916944
Connecticut,009,2123	41.550556	-73.043611
Connecticut,009,9005	41.341111	-72.921389
Connecticut,013,1001	41.976389	-72.388056
Country Of Mexico,002,0001	32.525	-116.985
Country Of Mexico,002,0002	32.525833	-117.0375
Country Of Mexico,002,0003	32.498333	-116.976667
Country Of Mexico,002,0004	32.343333	-117.054722
Country Of Mexico,002,0005	32.5	-117.116667
Country Of Mexico,002,0008	32.615278	-115.436111
Country Of Mexico,002,0010	32.615278	-115.388056
Country Of Mexico,002,0011	32.570833	-115.350833
Country Of Mexico,002,0012	32.629167	-115.446944
Country Of Mexico,002,0013	32.659167	-115.426111
Country Of Mexico,002,0014	32.633611	-115.504167
Country Of Mexico,002,0015	32.5825	-115.578056
Country Of Mexico,002,0016	32.518889	-117.011944
Country Of Mexico,002,0017	32.575	-116.618333
Country Of Mexico,006,0001	31.718611	-106.396111
Country Of Mexico,006,0010	29.5311	-104.4153
Delaware,001,0002	38.986672	-75.5568
Delaware,001,0003	39.155	-75.518056
Delaware,003,1007	39.5513	-75.732
Delaware,003,1008	39.57768	-75.6036
Delaware,003,2004	39.739444	-75.558056
Delaware,005,1002	38.6539	-75.6106
District Of Columbia,001,0025	38.583226	-77.1219
District Of Columbia,001,0039	38.864167	-76.991944
District Of Columbia,001,0042	38.876255	-77.034059
District Of Columbia,001,0043	38.921847	-77.013178
District Of Columbia,001,9000	38.876233	-77.034076
Florida,005,0006	30.130433	-85.731517
Florida,011,0009	26.134722	-80.132778
Florida,011,0010	26.128611	-80.167222
Florida,011,0011	26.098333	-80.145833
Florida,011,0033	26.073536	-80.33845
Florida,011,0034	26.053889	-80.256944
Florida,011,1002	26.083143	-80.237586
Florida,011,1003	26.129167	-80.168611
Florida,011,1201	25.982222	-80.247778
Florida,011,2004	26.217222	-80.127778
Florida,011,3002	26.000833	-80.160556
Florida,011,5005	26.294167	-80.176389
Florida,011,8002	26.088421	-80.111193
Florida,017,9000	28.748678	-82.554769
Florida,031,0032	30.356339	-81.635396
Florida,031,0077	30.477725	-81.587339
Florida,031,0080	30.309119	-81.652341
Florida,031,0084	30.320507	-81.68762
Florida,031,0100	30.261	-81.454
Florida,031,0101	30.33501	-81.61861
Florida,031,0102	30.35319	-81.56725
Florida,031,0103	30.41707	-81.585858
Florida,031,0104	30.352375	-81.61841
Florida,031,0105	30.31725	-81.68395
Florida,033,0004	30.525367	-87.20355
Florida,033,0018	30.36805	-87.270967
Florida,057,0081	27.740033	-82.465146
Florida,057,1002	27.9475	-82.457222
Florida,057,1065	27.892523	-82.538429
Florida,057,1075	28.05	-82.378056
Florida,057,3002	27.96565	-82.2304
Florida,073,0012	30.439722	-84.346389
Florida,086,0029	25.586384	-80.326811
Florida,086,0030	25.39122	-80.680819
Florida,086,0032	25.87583	-80.2583
Florida,086,1016	25.794222	-80.215556
Florida,086,4002	25.798333	-80.210278
Florida,086,5001	25.865278	-80.278611
Florida,095,1003	28.541389	-81.389444
Florida,095,1004	28.551112	-81.345347
Florida,095,2002	28.596389	-81.3625
Florida,099,0008	26.724444	-80.666667
Florida,099,2005	26.456944	-80.092778
Florida,103,0004	27.946389	-82.731944
Florida,103,0012	27.784444	-82.659444
Florida,103,0018	27.785866	-82.739875
Florida,103,0026	27.850348	-82.714465
Florida,103,1008	28	-82.776389
Florida,103,5002	28.09	-82.700833
Florida,129,0001	30.0925	-84.161111
Georgia,009,0001	33.153413	-83.23569
Georgia,021,0007	32.777455	-83.641096
Georgia,021,0012	32.805408	-83.543521
Georgia,049,9000	30.740718	-82.128154
Georgia,051,0017	32.092957	-81.14399
Georgia,051,0021	32.06923	-81.048769
Georgia,059,0001	33.945948	-83.372102
Georgia,069,0002	31.513287	-82.750141
Georgia,085,0001	34.376317	-84.059766
Georgia,089,0002	33.68797	-84.29048
Georgia,089,0003	33.698611	-84.272608
Georgia,089,3001	33.845741	-84.213398
Georgia,115,0003	34.26054	-85.32333
Georgia,115,0004	34.263312	-85.178723
Georgia,115,0005	34.263198	-85.304826
Georgia,121,0001	33.752625	-84.383325
Georgia,121,0020	33.741253	-84.5527
Georgia,121,0035	33.770556	-84.3875
Georgia,127,3001	31.185187	-81.485166
Georgia,139,0003	34.30008	-83.81217
Georgia,141,0001	33.298	-82.968
Georgia,153,0001	32.6056	-83.597907
Georgia,181,0001	33.795	-82.468
Georgia,185,0003	30.848056	-83.294444
Georgia,213,0003	34.785197	-84.626422
Georgia,215,0001	32.483543	-84.980977
Georgia,215,0011	32.42905	-84.9316
Georgia,215,5000	32.503272	-84.942035
Georgia,223,0003	33.9285	-85.04534
Georgia,245,0091	33.433349	-82.022217
Georgia,245,0092	33.432353	-81.991372
Georgia,247,0001	33.591077	-84.065294
Georgia,263,0001	32.778	-84.404
Georgia,295,0002	34.97889	-85.30098
Hawaii,001,0005	19.4308	-155.2578
Hawaii,003,0010	21.323745	-158.088613
Hawaii,003,2004	21.392833	-157.969126
Hawaii,009,9000	20.808788	-156.283507
Hawaii,009,9001	20.7585	-156.24789
Idaho,001,0010	43.600699	-116.347853
Idaho,001,0100	43.6013	-116.3473
Idaho,001,0200	43.5776	-116.1777
Idaho,001,0300	43.63667	-116.27022
Idaho,023,0003	43.649903	-113.034167
Idaho,023,0101	43.460556	-113.562222
Idaho,027,0004	43.562401	-116.563232
Idaho,027,0400	43.7872	-116.9596
Idaho,037,0002	44.170385	-114.928034
Idaho,059,0007	45.158688	-114.026921
Idaho,069,0006	46.429561	-116.992427
Idaho,069,0009	46.417778	-117.018611
Idaho,069,0012	46.408352	-116.992533
Idaho,069,0013	46.3972	-116.8062
Idaho,069,0222	46.438089	-116.905182
Idaho,069,5501	46.40117	-116.80731
Idaho,069,5502	46.3999	-116.80129
Illinois,019,1001	40.05278	-88.37251
Illinois,031,0001	41.670992	-87.732457
Illinois,031,0014	41.834243	-87.6238
Illinois,031,0018	41.652778	-87.6025
Illinois,031,0022	41.687165	-87.539315
Illinois,031,0026	41.87372	-87.645326
Illinois,031,0039	41.894444	-87.620278
Illinois,031,0041	41.698889	-87.561944
Illinois,031,0049	41.896944	-87.623611
Illinois,031,0050	41.70757	-87.568574
Illinois,031,0052	41.965485	-87.749928
Illinois,031,0057	41.912862	-87.722723
Illinois,031,0060	41.656518	-87.589574
Illinois,031,0072	41.895812	-87.607683
Illinois,031,0076	41.7514	-87.713488
Illinois,031,1018	41.773889	-87.815278
Illinois,031,1601	41.66812	-87.99057
Illinois,031,3101	41.965253	-87.876266
Illinois,031,3103	41.965193	-87.876265
Illinois,031,3301	41.782766	-87.805377
Illinois,031,4201	42.139996	-87.799227
Illinois,031,6001	41.859722	-87.750278
Illinois,031,8003	41.631389	-87.568056
Illinois,043,1003	41.9475	-87.928611
Illinois,043,4001	41.901389	-87.938889
Illinois,043,4002	41.771071	-88.152534
Illinois,097,1007	42.467573	-87.810047
Illinois,115,0002	39.859444	-88.924722
Illinois,115,0013	39.866834	-88.925594
Illinois,117,0002	39.396075	-89.809739
Illinois,119,0009	38.695278	-90.139444
Illinois,119,0010	38.694438	-90.153954
Illinois,119,0021	38.702222	-90.121944
Illinois,119,0023	38.699565	-90.143529
Illinois,119,0024	38.700632	-90.144763
Illinois,119,1007	38.704534	-90.139675
Illinois,119,1011	38.831111	-90.063333
Illinois,119,2009	38.903085	-90.143168
Illinois,119,3007	38.860669	-90.105851
Illinois,119,9010	38.848382	-90.076413
Illinois,143,0037	40.697007	-89.584737
Illinois,161,0001	41.514444	-90.440278
Illinois,163,0010	38.612034	-90.160477
Illinois,163,0900	38.525945	-90.0391
Illinois,163,1005	0	0
Illinois,163,1010	38.592192	-90.165081
Illinois,163,9010	38.612034	-90.160477
Illinois,197,1002	41.526885	-88.116474
Illinois,197,1011	41.221537	-88.190967
Illinois,201,0010	42.267222	-89.089444
Indiana,003,0003	41.07	-85.133056
Indiana,003,0004	41.094965	-85.101816
Indiana,003,0009	41.046389	-85.057778
Indiana,003,0012	41.074444	-85.169722
Indiana,003,0013	41.0575	-85.174167
Indiana,005,0005	39.2125	-85.906944
Indiana,019,0006	38.277704	-85.740099
Indiana,019,0009	38.276683	-85.763767
Indiana,037,2001	38.391443	-86.92916
Indiana,039,0003	41.667778	-85.969444
Indiana,039,0004	41.701389	-85.974722
Indiana,039,0005	41.684722	-85.946389
Indiana,039,0006	41.703333	-85.925
Indiana,039,0008	41.656905	-85.968372
Indiana,065,0003	40.009525	-85.523455
Indiana,085,5502	41.23898	-85.832058
Indiana,089,0022	41.60668	-87.304729
Indiana,089,0023	41.65274	-87.439551
Indiana,089,0028	41.636667	-87.515
Indiana,089,0029	41.585556	-87.325833
Indiana,089,0030	41.6814	-87.494734
Indiana,089,0034	41.65348	-87.435584
Indiana,089,0035	41.681393	-87.490233
Indiana,089,1003	41.588889	-87.407778
Indiana,089,1016	41.600278	-87.334722
Indiana,089,2004	41.585496	-87.474486
Indiana,089,2008	41.63946	-87.493623
Indiana,089,5503	41.649211	-87.447464
Indiana,089,5504	41.5997	-87.34432
Indiana,089,6000	41.641361	-87.487528
Indiana,091,0008	41.725556	-86.906944
Indiana,091,0009	41.728889	-86.884444
Indiana,097,0021	39.775833	-86.184722
Indiana,097,0057	39.749019	-86.186314
Indiana,097,0073	39.789486	-86.06085
Indiana,097,0078	39.811097	-86.114469
Indiana,097,0081	39.788903	-86.214628
Indiana,097,0084	39.758855	-86.115415
Indiana,097,0085	39.740383	-86.22595
Indiana,097,0087	39.787933	-86.13088
Indiana,105,0002	39.324722	-86.421111
Indiana,127,0024	41.617558	-87.199248
Indiana,129,0004	37.9375	-87.884722
Indiana,141,1008	41.693611	-86.236667
Indiana,157,0008	40.431639	-86.8525
Indiana,163,0012	38.021727	-87.569458
Indiana,163,0016	37.974436	-87.532289
Indiana,163,0017	37.95888	-87.56194
Indiana,163,0018	37.998056	-87.553611
Indiana,163,0021	38.013248	-87.577856
Indiana,167,0025	39.507688	-87.37444
Indiana,175,9000	38.534652	-86.260372
Iowa,045,0019	41.823283	-90.211982
Iowa,045,0021	41.874999	-90.177574
Iowa,113,0033	42.281013	-91.526879
Iowa,113,0037	42.00508	-91.6793
Iowa,113,0039	41.934167	-91.6825
Iowa,113,0040	41.97677	-91.68766
Iowa,113,0050	41.979556	-91.680564
Iowa,113,0060	41.92425	-91.67808
Iowa,113,0070	41.98128	-91.678733
Iowa,137,0002	40.969112	-95.044951
Iowa,139,0020	41.4069	-91.0616
Iowa,153,0030	41.603159	-93.643118
Iowa,153,2510	41.603517	-93.7479
Iowa,153,2520	41.664722	-93.614167
Iowa,163,0015	41.530011	-90.587611
Iowa,163,1010	41.523611	-90.606111
Iowa,177,0006	40.695078	-92.006318
Iowa,177,9000	40.6932	-92.0059
Kansas,013,9000	39.979123	-95.568475
Kansas,017,0001	38.434141	-96.5605
Kansas,029,0001	39.571667	-97.656944
Kansas,029,0002	39.569	-97.659806
Kansas,057,0001	37.771944	-100.017778
Kansas,071,0001	38.466111	-101.775278
Kansas,091,0006	38.993889	-94.672778
Kansas,091,0007	38.974457	-94.687013
Kansas,091,2001	39.038611	-94.688333
Kansas,091,2002	38.956944	-94.695
Kansas,093,0001	37.980667	-101.132722
Kansas,129,0001	37.133333	-101.824167
Kansas,129,0002	37.265556	-101.78
Kansas,129,0003	37.315556	-101.774722
Kansas,129,0004	37.280972	-101.771361
Kansas,133,0002	37.676308	-95.474659
Kansas,145,0001	38.17625	-99.108028
Kansas,173,0004	37.677222	-97.444167
Kansas,173,0007	37.708889	-97.375278
Kansas,173,0008	37.659334	-97.297714
Kansas,173,0009	37.651114	-97.362212
Kansas,173,0010	37.702066	-97.314847
Kansas,173,1012	37.747085	-97.316912
Kansas,173,5501	37.641522	-97.288406
Kansas,177,0002	39.14	-95.953333
Kansas,177,0003	39.115833	-95.613333
Kansas,177,0005	39.000833	-95.7025
Kansas,177,0007	39.074722	-95.660278
Kansas,177,0009	39.018889	-95.743333
Kansas,177,1002	39.053889	-95.695833
Kansas,181,0001	39.348452	-101.713405
Kansas,195,0001	38.770081	-99.763424
Kansas,209,0001	39.113056	-94.624444
Kansas,209,0007	39.075278	-94.705556
Kansas,209,0015	39.087949	-94.621453
Kansas,209,0020	39.151389	-94.6175
Kansas,209,0021	39.117219	-94.635605
Kentucky,019,0002	38.47676	-82.63137
Kentucky,019,0017	38.45934	-82.64041
Kentucky,019,5501	38.45008	-82.62294
Kentucky,019,5502	38.47564	-82.63933
Kentucky,019,5503	38.4773	-82.65599
Kentucky,043,0500	38.23887	-82.9881
Kentucky,059,0005	37.780776	-87.075307
Kentucky,059,0014	37.741111	-87.118056
Kentucky,061,0501	37.13179	-86.142953
Kentucky,067,0012	38.06503	-84.49761
Kentucky,067,0014	38.038966	-84.507439
Kentucky,101,0014	37.8712	-87.46375
Kentucky,111,0043	38.23319	-85.81566
Kentucky,111,0048	38.24024	-85.73195
Kentucky,111,0067	38.22876	-85.65452
Kentucky,111,1041	38.23158	-85.82678
Kentucky,117,0007	39.0725	-84.525
Kentucky,125,0004	37.087222	-84.063333
Kentucky,139,0004	37.07151	-88.33389
Kentucky,145,1004	37.06636	-88.63774
Kentucky,145,1024	37.05822	-88.57251
Kentucky,157,0014	37.0452	-88.33087
Kentucky,157,0016	37.04176	-88.35407
Kentucky,157,0018	37.02702	-88.34387
Kentucky,157,0019	37.03718	-88.33411
Kentucky,183,0032	37.319725	-86.956097
Kentucky,193,0003	37.28329	-83.20932
Kentucky,221,8001	36.783889	-87.851944
Kentucky,227,0007	36.993333	-86.418333
Kentucky,227,0008	37.035438	-86.250628
Louisiana,005,0004	30.233889	-90.968333
Louisiana,015,0008	32.53626	-93.74891
Louisiana,017,1001	32.48	-93.766667
Louisiana,017,5501	32.43211	-93.74401
Louisiana,019,0008	30.261667	-93.284167
Louisiana,033,0004	30.460833	-91.187778
Louisiana,033,0008	30.7	-91.1
Louisiana,033,0009	30.46198	-91.17922
Louisiana,033,0013	30.700921	-91.056135
Louisiana,047,0009	30.220556	-91.316111
Louisiana,051,1001	30.043573	-90.275091
Louisiana,051,2001	29.883056	-90.083333
Louisiana,051,8105	30.020892	-90.123099
Louisiana,051,8106	29.999264	-90.211619
Louisiana,051,8107	29.9198	-90.231783
Louisiana,071,0010	29.9555	-90.12166
Louisiana,071,0012	29.994444	-90.102778
Louisiana,071,8104	29.960593	-90.128173
Louisiana,071,8105	30.016905	-89.927185
Louisiana,071,8106	30.032329	-90.045465
Louisiana,071,8107	29.957149	-90.063346
Louisiana,071,8109	30.16635	-89.737333
Louisiana,071,8110	30.0655	-89.804767
Louisiana,071,8401	29.96249	-90.05689
Louisiana,071,9000	30.108633	-89.761683
Louisiana,073,0004	32.509713	-92.046093
Louisiana,075,8108	29.88546	-89.94952
Louisiana,075,8400	29.88546	-89.94952
Louisiana,075,9000	29.119168	-89.206659
Louisiana,087,0002	29.981944	-89.998611
Louisiana,087,0004	29.93961	-89.92388
Louisiana,087,8103	29.971443	-89.998605
Louisiana,089,0003	29.984167	-90.410556
Louisiana,089,0004	29.940833	-90.353056
Louisiana,089,0005	29.933056	-90.359444
Louisiana,095,0002	30.058333	-90.608333
Louisiana,103,8101	30.245833	-89.77685
Louisiana,103,8400	30.31445	-89.81415
Louisiana,103,8401	30.26588	-89.76997
Louisiana,127,9000	32.057581	-92.435157
Maine,001,0011	44.089406	-70.214219
Maine,003,1011	46.682299	-68.016195
Maine,003,1020	46.69634	-68.032614
Maine,005,0002	44.107524	-70.729165
Maine,005,0014	43.659722	-70.261389
Maine,005,0029	43.660246	-70.268965
Maine,005,2003	43.561043	-70.207324
Maine,005,9002	43.832458	-70.063815
Maine,009,0102	44.351697	-68.22698
Maine,009,0103	44.37705	-68.2609
Maine,011,2005	44.230622	-69.785
Maine,017,0008	44.548386	-70.530987
Maine,017,0009	44.555278	-70.546111
Maine,017,2011	44.551419	-70.546319
Maine,017,2012	44.295317	-70.53425
Maine,019,0002	44.79886	-68.769675
Maine,019,4003	44.93345	-68.645594
Maine,019,9000	44.94798	-68.64788
Maine,021,0002	45.465	-69.555278
Maine,029,1004	45.125837	-67.265408
Maine,031,3002	43.083333	-70.75
Maryland,003,0019	39.101111	-76.729444
Maryland,003,1003	39.169533	-76.627933
Maryland,005,3001	39.310833	-76.474444
Maryland,005,9000	39.243833	-76.709149
Maryland,023,0002	39.70595	-79.012
Maryland,025,9001	39.563333	-76.203889
Maryland,027,0006	39.14313	-76.84611
Maryland,033,0030	39.055277	-76.878333
Maryland,510,0006	39.340556	-76.582222
Maryland,510,0011	39.236667	-76.584444
Maryland,510,0035	39.232778	-76.579722
Maryland,510,0038	39.276111	-76.538889
Maryland,510,0040	39.297733	-76.604603
Maryland,510,0043	39.264167	-76.580556
Maryland,510,0050	39.318611	-76.5825
Maryland,510,0051	39.281389	-76.598889
Maryland,510,0053	39.288889	-76.554444
Massachusetts,001,0002	41.975804	-70.023598
Massachusetts,005,1002	41.633278	-70.879162
Massachusetts,005,1005	42.063056	-71.148889
Massachusetts,005,2004	41.628611	-70.926667
Massachusetts,007,0001	41.330469	-70.785225
Massachusetts,009,2006	42.474642	-70.970816
Massachusetts,009,4004	42.790268	-70.80835
Massachusetts,009,4005	42.814412	-70.817783
Massachusetts,013,0003	42.061667	-72.678056
Massachusetts,013,0008	42.19438	-72.555112
Massachusetts,013,0011	42.098889	-72.588056
Massachusetts,015,4002	42.298493	-72.334079
Massachusetts,017,1801	42.385	-71.388889
Massachusetts,021,3003	42.211774	-71.11397
Massachusetts,025,0002	42.348873	-71.097163
Massachusetts,025,0012	42.329444	-71.068333
Massachusetts,025,0027	42.372122	-71.061741
Massachusetts,025,0041	42.317372	-70.968359
Massachusetts,025,0042	42.3295	-71.0826
Michigan,005,0002	42.464167	-86.17
Michigan,005,0003	42.767786	-86.148577
Michigan,007,0901	45.083611	-83.450278
Michigan,007,0902	45.068056	-83.426667
Michigan,007,0903	45.044444	-83.345556
Michigan,007,0906	45.072222	-83.433333
Michigan,029,0011	45.160235	-85.127696
Michigan,031,0001	45.558889	-84.674722
Michigan,033,0033	46.485	-84.629722
Michigan,033,0901	46.493611	-84.364167
Michigan,033,0902	46.481689	-84.331705
Michigan,033,0903	46.454	-84.6067
Michigan,049,0011	43.025	-83.685833
Michigan,049,0021	43.047224	-83.670159
Michigan,055,0002	44.874444	-85.521389
Michigan,063,0003	43.849444	-83.373611
Michigan,065,0921	42.741944	-84.573611
Michigan,065,0922	42.735556	-84.576944
Michigan,065,0923	42.732778	-84.563056
Michigan,065,0924	42.733889	-84.593611
Michigan,065,1001	42.742778	-84.551111
Michigan,067,0002	43.10172	-85.22327
Michigan,067,0003	43.099943	-85.222266
Michigan,077,0002	42.295	-85.592778
Michigan,077,0004	42.217222	-85.553333
Michigan,077,0008	42.278067	-85.54189
Michigan,077,0901	42.216389	-85.5525
Michigan,077,0902	42.214444	-85.543333
Michigan,077,0903	42.189167	-85.558611
Michigan,077,0905	42.278056	-85.541944
Michigan,081,0010	42.959722	-85.656389
Michigan,081,0020	42.984173	-85.671339
Michigan,081,0021	42.938611	-85.671111
Michigan,081,0901	42.775556	-85.678889
Michigan,081,0902	42.762778	-85.68
Michigan,081,2002	42.913611	-85.68
Michigan,083,9000	47.9167	-89.150075
Michigan,083,9001	47.459599	-88.149138
Michigan,091,0007	41.995568	-83.946559
Michigan,109,0002	45.114444	-87.621667
Michigan,111,0007	43.609444	-84.216389
Michigan,111,0951	43.609167	-84.210556
Michigan,111,0952	43.61	-84.221389
Michigan,111,0953	43.591416	-84.209431
Michigan,111,0954	43.601389	-84.298889
Michigan,111,0955	43.589444	-84.221111
Michigan,111,0956	43.618056	-84.228611
Michigan,111,0957	43.606667	-84.176944
Michigan,111,0959	43.576215	-84.321607
Michigan,111,0960	43.60002	-84.200144
Michigan,113,0001	44.310555	-84.891865
Michigan,115,0005	41.763889	-83.471944
Michigan,115,0006	41.923582	-83.34573
Michigan,121,0023	43.2425	-86.213056
Michigan,121,5501	43.19946	-86.29923
Michigan,125,0010	42.490278	-83.28
Michigan,139,0009	42.79	-86.114444
Michigan,139,0010	42.797222	-86.110278
Michigan,145,0002	43.451389	-83.911667
Michigan,147,0005	42.953336	-82.456229
Michigan,147,0031	42.982093	-82.45008
Michigan,151,0002	43.571667	-82.646944
Michigan,153,0001	46.288877	-85.950227
Michigan,157,0001	43.368605	-83.569065
Michigan,159,0901	42.168889	-85.827778
Michigan,161,0002	42.294722	-83.743056
Michigan,161,0008	42.240565	-83.599602
Michigan,161,8001	42.416944	-83.901944
Michigan,163,0001	42.22862	-83.2082
Michigan,163,0005	42.267231	-83.132086
Michigan,163,0014	42.395	-83.235
Michigan,163,0015	42.302786	-83.10653
Michigan,163,0016	42.357808	-83.096033
Michigan,163,0019	42.43084	-83.000138
Michigan,163,0027	42.292231	-83.106807
Michigan,163,0033	42.306674	-83.148754
Michigan,163,0035	42.155278	-83.171389
Michigan,163,0046	42.292842	-83.145612
Michigan,163,0097	42.261669	-83.157893
Michigan,163,1005	42.289449	-83.153435
Michigan,163,1006	42.283069	-83.161145
Michigan,163,1008	42.281869	-83.151415
Michigan,163,1009	42.270009	-83.162585
Michigan,163,5502	42.35059	-83.05242
Minnesota,003,1002	45.13768	-93.207615
Minnesota,003,6020	45.198083	-93.370916
Minnesota,007,2302	47.473333	-94.884444
Minnesota,007,2303	47.877222	-95.01222
Minnesota,007,5501	47.870095	-95.03395
Minnesota,007,5502	48.021336	-94.912264
Minnesota,017,7416	46.70527	-92.52377
Minnesota,019,0052	44.850655	-93.591809
Minnesota,021,0001	47.159942	-94.150987
Minnesota,021,5501	47.374	-94.605
Minnesota,027,2103	46.871944	-96.743611
Minnesota,035,3202	46.164699	-94.359098
Minnesota,037,0001	44.833333	-93.115
Minnesota,037,0020	44.76323	-93.03255
Minnesota,037,0421	44.777199	-93.040974
Minnesota,037,0423	44.77553	-93.06299
Minnesota,037,0424	44.779722	-93.062222
Minnesota,037,0425	44.799614	-93.07265
Minnesota,037,0426	44.773036	-93.032858
Minnesota,037,0439	44.748039	-93.043266
Minnesota,037,0441	44.7468	-93.02611
Minnesota,037,0442	44.73857	-93.00496
Minnesota,037,0443	44.745662	-93.05541
Minnesota,037,0465	44.83431	-93.11622
Minnesota,037,0470	44.73846	-93.23725
Minnesota,041,2010	45.883333	-95.38
Minnesota,041,2110	45.968256	-95.605272
Minnesota,047,5401	43.650278	-93.366389
Minnesota,049,5356	44.397654	-92.831238
Minnesota,053,0050	45.001229	-93.267117
Minnesota,053,0053	44.981111	-93.269444
Minnesota,053,0260	45.032778	-93.420833
Minnesota,053,0958	44.926111	-93.204444
Minnesota,053,0959	45.0039	-93.2367
Minnesota,053,0960	44.959444	-93.256667
Minnesota,053,0961	44.87551	-93.25892
Minnesota,053,0962	44.965242	-93.254759
Minnesota,053,0963	44.95366	-93.25821
Minnesota,053,0964	44.888551	-93.195377
Minnesota,053,0965	45.004478	-93.240046
Minnesota,053,0966	44.97944	-93.26613
Minnesota,053,0967	44.996463	-93.234882
Minnesota,053,0968	44.893005	-93.233227
Minnesota,053,0969	44.90057	-93.23828
Minnesota,053,1007	45.03972	-93.29874
Minnesota,053,1901	44.95809	-93.24891
Minnesota,053,1904	44.95208	-93.24428
Minnesota,053,2006	44.94805	-93.34315
Minnesota,061,1105	47.236755	-93.526197
Minnesota,067,4110	45.112308	-95.040071
Minnesota,071,1240	48.605278	-93.402222
Minnesota,071,1241	48.605278	-93.406389
Minnesota,075,0005	47.948622	-91.495574
Minnesota,075,7608	47.296389	-91.264167
Minnesota,085,4301	44.890833	-94.367222
Minnesota,095,3051	46.2053	-93.75945
Minnesota,097,3049	45.971161	-94.347201
Minnesota,103,5109	44.183795	-94.039585
Minnesota,109,5008	43.996908	-92.450366
Minnesota,111,2005	46.281389	-96.073889
Minnesota,111,2012	46.586944	-95.583889
Minnesota,115,1400	46.121389	-92.999722
Minnesota,117,4002	43.997452	-96.319787
Minnesota,123,0017	44.944134	-93.065125
Minnesota,123,0021	44.96555	-93.05684
Minnesota,123,0866	44.89926	-93.01708
Minnesota,123,0868	44.95072	-93.09827
Minnesota,123,0871	44.95939	-93.03587
Minnesota,123,0874	44.932555	-93.119326
Minnesota,123,1003	44.96133	-93.19019
Minnesota,133,9000	43.71579	-96.191613
Minnesota,135,2401	48.911667	-95.328056
Minnesota,137,0034	48.41252	-92.829225
Minnesota,137,7001	47.523355	-92.536305
Minnesota,137,7014	47.423889	-92.926667
Minnesota,137,7549	46.77107	-92.11732
Minnesota,137,7550	46.81826	-92.08936
Minnesota,137,7551	46.76643	-92.13354
Minnesota,137,7555	46.72938	-92.15998
Minnesota,137,9001	48.413198	-92.830515
Minnesota,141,3050	45.303333	-93.599444
Minnesota,145,3052	45.549839	-94.13345
Minnesota,145,3053	45.564637	-94.226345
Minnesota,151,4500	45.247778	-95.9175
Minnesota,163,0009	44.84621	-92.99558
Minnesota,163,0301	44.991667	-92.822222
Minnesota,163,0436	44.84737	-92.9954
Minnesota,163,0438	44.85711	-93.00352
Minnesota,163,0445	45.01876	-92.78027
Minnesota,163,0446	45.02798	-92.77415
Minnesota,169,5210	44.050908	-91.642283
Minnesota,169,9000	43.937299	-91.405348
Minnesota,171,3201	45.20916	-93.66921
Minnesota,173,4003	44.81	-95.535556
Mississippi,023,5501	32.1725	-88.81972
Mississippi,035,0004	31.323639	-89.287167
Mississippi,043,0001	33.834444	-89.792778
Mississippi,045,0003	30.300833	-89.395916
Mississippi,045,8104	30.26892	-89.44933
Mississippi,045,8105	30.40966	-89.44114
Mississippi,045,8201	30.393193	-89.580378
Mississippi,047,0008	30.390369	-89.049778
Mississippi,047,8101	30.373678	-89.15513
Mississippi,047,8102	30.449005	-89.052683
Mississippi,047,8103	30.470916	-88.9827
Mississippi,049,0003	32.302222	-90.186667
Mississippi,049,0010	32.385731	-90.1412
Mississippi,049,0018	32.296806	-90.188306
Mississippi,049,0019	32.33037	-90.166201
Mississippi,049,0020	32.329111	-90.182722
Mississippi,059,0006	30.378287	-88.53393
Mississippi,067,0002	31.688638	-89.135115
Mississippi,081,0005	34.264917	-88.766222
Mississippi,087,0002	33.509588	-88.408928
Mississippi,087,0003	33.499588	-88.403648
Missouri,039,0001	37.69	-94.035
Missouri,047,0005	39.303174	-94.377014
Missouri,047,1004	39.110556	-94.591944
Missouri,053,0001	38.795	-92.918056
Missouri,099,0012	38.43783	-90.361492
Missouri,099,0019	38.448672	-90.395904
Missouri,186,0005	37.90084	-90.42388
Missouri,207,0001	36.970052	-90.1401
Missouri,213,0003	36.613879	-92.92228
Missouri,510,0006	38.626993	-90.200654
Missouri,510,0085	38.656429	-90.198348
Missouri,510,0087	38.642857	-90.185059
Missouri,510,0089	38.601778	-90.232778
Missouri,510,0090	38.616833	-90.208222
Missouri,510,0091	38.585861	-90.239194
Montana,007,0011	46.31	-111.672778
Montana,007,0015	46.3175	-111.680278
Montana,023,0010	46.131667	-112.939167
Montana,023,0011	46.120556	-112.911667
Montana,023,0706	46.104167	-112.878611
Montana,023,0714	46.129167	-112.926111
Montana,027,0004	47.286944	-109.460833
Montana,027,0005	47.273611	-109.455833
Montana,027,9000	47.582225	-108.720383
Montana,029,8001	48.5103	-113.99681
Montana,043,0011	45.888889	-112.013889
Montana,043,0012	45.916667	-111.991667
Montana,043,0019	46.356389	-112.069722
Montana,043,0020	46.350278	-112.104722
Montana,043,0022	46.381111	-112.123611
Montana,043,0023	46.383333	-112.118333
Montana,043,0024	46.191111	-111.960833
Montana,043,0025	46.273056	-111.946667
Montana,043,0026	46.286944	-111.952778
Montana,047,9000	47.773283	-114.269975
Montana,049,0004	46.8505	-111.987164
Montana,049,0714	46.588889	-111.920556
Montana,049,0719	46.589345	-111.923376
Montana,049,9000	46.826103	-111.711573
Montana,053,0018	48.391545	-115.553309
Montana,063,0024	46.842181	-114.021499
Montana,063,0031	46.874912	-113.995253
Montana,067,0001	45.074722	-110.631389
Montana,067,0002	45.070556	-110.635278
Montana,067,0003	45.056111	-110.641944
Montana,067,0005	45.057778	-109.939444
Montana,067,0007	45.019722	-109.935833
Montana,067,0009	45.069167	-110.630278
Montana,067,0010	45.069167	-110.627778
Montana,071,0002	47.898333	-108.623889
Montana,071,0003	47.917222	-108.588056
Montana,071,0005	47.9175	-108.521111
Montana,071,0006	47.917778	-108.510278
Montana,071,0007	47.883333	-108.624444
Montana,071,0008	47.883611	-108.4975
Montana,077,9000	47.122091	-113.155326
Montana,081,9000	45.859686	-114.001032
Montana,085,9000	48.30795	-105.102866
Montana,087,0762	45.648328	-106.557247
Montana,089,9000	47.954771	-115.671925
Montana,091,9000	48.487054	-104.476346
Montana,093,0005	46.002602	-112.501247
Montana,093,0033	45.9825	-112.817778
Montana,093,0035	46.009722	-112.801944
Montana,093,0036	45.959444	-112.871111
Montana,093,0037	46.001667	-112.815833
Montana,093,0038	45.958056	-112.891111
Montana,093,0041	46.004722	-112.495278
Montana,093,0042	45.993056	-112.480556
Montana,093,0043	46.0125	-112.521389
Montana,093,0049	46.007222	-112.465278
Montana,093,0050	46.038056	-112.482778
Montana,093,0054	46.011667	-112.5225
Montana,095,0002	45.388333	-109.866944
Montana,097,0005	45.501389	-110.056667
Nebraska,055,0019	41.247486	-95.973142
Nebraska,069,9000	41.762681	-102.434108
Nebraska,109,0023	40.865145	-96.722532
Nebraska,109,0024	40.796134	-96.748843
Nebraska,171,9000	41.888789	-100.339141
Nebraska,173,9000	42.148699	-96.432113
Nevada,003,0020	36.245248	-115.093058
Nevada,003,0540	36.141895	-115.078725
Nevada,003,0560	36.158611	-115.110833
Nevada,003,0561	36.163959	-115.113916
Nevada,007,9000	41.892499	-115.427015
Nevada,021,9000	38.951811	-118.81557
Nevada,031,0016	39.525083	-119.807717
Nevada,033,0101	39.00512	-114.21593
New Hampshire,007,4002	44.308167	-71.217694
New Hampshire,011,0020	42.995778	-71.462528
New Hampshire,011,1011	42.718664	-71.522427
New Hampshire,011,5001	42.86183	-71.878626
New Hampshire,013,1003	43.177222	-71.4625
New Hampshire,013,1006	43.13244	-71.458306
New Hampshire,015,0006	43.0775	-70.754167
New Hampshire,015,0013	43	-71.2
New Hampshire,015,0014	43.075333	-70.748
New Hampshire,015,0015	43.0825	-70.761944
New Hampshire,015,0018	42.862531	-71.38014
New Hampshire,019,0003	43.364518	-72.337867
New Jersey,001,0006	39.464872	-74.448736
New Jersey,003,0007	40.817218	-74.043758
New Jersey,003,0008	40.816809	-74.043673
New Jersey,003,0009	40.833111	-74.043459
New Jersey,003,0010	40.853579	-73.966212
New Jersey,007,0002	39.934446	-75.125291
New Jersey,007,0003	39.923042	-75.097617
New Jersey,007,0005	39.948611	-75.121389
New Jersey,013,0003	40.720989	-74.192892
New Jersey,013,0011	40.726668	-74.143741
New Jersey,015,5501	39.83709	-75.24401
New Jersey,017,0006	40.67025	-74.126081
New Jersey,017,1005	40.721944	-74.045556
New Jersey,021,0005	40.283092	-74.742644
New Jersey,023,0006	40.472825	-74.422403
New Jersey,023,0011	40.462182	-74.429439
New Jersey,027,3001	40.787628	-74.676301
New Jersey,031,0005	40.918381	-74.168092
New Jersey,031,0006	40.915747	-74.176733
New Jersey,031,0007	40.927458	-74.160611
New Jersey,039,0004	40.64144	-74.208365
New Jersey,039,0008	40.598028	-74.453808
New Jersey,039,5001	40.601725	-74.441067
New Jersey,039,5502	40.652053	-74.199861
New Mexico,001,0023	35.1343	-106.5852
New Mexico,001,0029	35.01708	-106.65739
New Mexico,001,1013	35.19324	-106.613815
New Mexico,001,1014	35.2022	-106.64927
New Mexico,001,5010	35.035933	-106.390083
New Mexico,003,9000	33.220502	-108.235719
New Mexico,005,9000	33.459914	-104.404711
New Mexico,013,9000	32.687024	-106.484966
New Mexico,027,9000	33.468809	-105.535444
New Mexico,028,1002	35.804193	-106.298639
New Mexico,031,2015	35.538747	-108.596741
New Mexico,039,9000	36.013945	-106.845299
New Mexico,043,0001	35.297222	-106.544444
New Mexico,043,1003	35.238056	-106.649444
New Mexico,045,5501	36.73633	-108.41737
New Mexico,053,9000	33.869593	-106.852584
New Mexico,055,9000	36.58544	-105.452563
New York,001,0005	42.64225	-73.75464
New York,001,0010	42.656389	-73.761667
New York,001,0012	42.68075	-73.75733
New York,001,0013	42.640931	-73.756511
New York,005,0080	40.83606	-73.92009
New York,005,0083	40.86585	-73.88083
New York,005,0110	40.816	-73.902
New York,005,0133	40.8679	-73.87809
New York,007,0004	42.098333	-76.050833
New York,029,0005	42.876907	-78.809526
New York,029,0010	42.858056	-78.830556
New York,029,0023	42.921107	-78.765825
New York,029,1007	42.8273	-78.84984
New York,029,1013	42.98844	-78.91859
New York,029,1014	42.99813	-78.89926
New York,029,1015	42.981312	-78.906425
New York,029,6002	42.968563	-78.943842
New York,031,0003	44.39308	-73.8589
New York,031,0006	44.401111	-73.387778
New York,033,0003	44.989167	-74.7125
New York,047,0011	40.73277	-73.94722
New York,047,0099	40.712222	-73.94
New York,047,0118	40.69454	-73.92769
New York,055,0008	43.17	-77.636667
New York,055,0015	43.145013	-77.55728
New York,055,1006	43.20361	-77.62916
New York,055,1007	43.14618	-77.54817
New York,055,6001	43.161	-77.60357
New York,059,0005	40.74316	-73.58549
New York,061,0010	40.739444	-73.986111
New York,061,0056	40.75912	-73.96661
New York,061,0062	40.72052	-74.00409
New York,061,0077	40.75623	-73.97657
New York,061,0115	40.84955	-73.935649
New York,061,0134	40.71436	-73.99518
New York,063,2006	43.085833	-78.996389
New York,063,2008	43.08218	-79.00106
New York,063,7001	43.096373	-79.011447
New York,065,2001	43.09892	-75.22506
New York,071,0002	41.49916	-74.00885
New York,081,0097	40.75527	-73.75861
New York,081,0098	40.7842	-73.84757
New York,081,0124	40.73614	-73.82153
New York,083,0011	42.7725	-73.430833
New York,083,1003	42.73194	-73.68909
New York,085,0055	40.63307	-74.13719
New York,085,0066	40.590833	-74.190833
New York,085,0067	40.59664	-74.12525
New York,085,0088	40.590278	-74.168056
New York,085,0101	40.5875	-74.128056
New York,085,0102	40.543611	-74.198056
New York,085,0103	40.571667	-74.205
New York,085,0104	40.575833	-74.177778
New York,085,0105	40.580556	-74.199444
New York,085,0106	40.57811	-74.1843
New York,085,0107	40.566944	-74.183611
New York,085,0108	40.568611	-74.169444
New York,085,0109	40.591111	-74.158611
New York,085,0111	40.58027	-74.19832
New York,085,0131	40.58806	-74.16882
New York,085,0132	40.58056	-74.15178
New York,101,0003	42.09142	-77.20978
New York,103,0001	40.745833	-73.420278
New York,103,0009	40.82799	-73.05754
New York,109,9991	42.4006	-76.6538
New York,119,5003	41.045	-73.703333
North Carolina,011,0002	35.972347	-81.933072
North Carolina,021,0003	35.598711	-82.54847
North Carolina,021,0032	35.558333	-82.520833
North Carolina,021,0034	35.6075	-82.583333
North Carolina,021,0035	35.57222	-82.55889
North Carolina,027,0003	35.935833	-81.530278
North Carolina,033,0001	36.307033	-79.467417
North Carolina,035,0004	35.728889	-81.365556
North Carolina,037,0004	35.757222	-79.159722
North Carolina,051,0004	35.031389	-78.929444
North Carolina,051,0009	35.041416	-78.953112
North Carolina,057,0002	35.814444	-80.2625
North Carolina,061,0002	34.954823	-77.960781
North Carolina,063,0013	36.035556	-78.904167
North Carolina,063,0014	35.892868	-78.876445
North Carolina,063,0015	36.032944	-78.905417
North Carolina,065,0099	35.988333	-77.582778
North Carolina,067,0021	36.099167	-80.255
North Carolina,067,0022	36.110556	-80.226667
North Carolina,069,0001	36.096189	-78.463719
North Carolina,077,0001	36.141111	-78.768056
North Carolina,081,0009	36.075833	-79.794444
North Carolina,081,0013	36.109167	-79.801111
North Carolina,081,1011	36.088072	-79.794733
North Carolina,087,0035	35.379167	-82.7925
North Carolina,095,9000	35.45109	-76.207165
North Carolina,101,0002	35.590833	-78.461944
North Carolina,105,0002	35.4325	-79.2887
North Carolina,107,0004	35.231459	-77.568792
North Carolina,117,0001	35.81066	-76.906249
North Carolina,119,0034	35.248611	-80.766389
North Carolina,119,0041	35.2401	-80.785683
North Carolina,119,1009	35.347222	-80.695
North Carolina,121,0001	35.915278	-82.073333
North Carolina,123,0001	35.2632	-79.836613
North Carolina,129,0006	34.268403	-77.956529
North Carolina,129,0010	34.23583	-77.9547
North Carolina,147,0004	35.590556	-77.368611
North Carolina,159,0021	35.551868	-80.395039
North Carolina,159,0022	35.534482	-80.66756
North Carolina,183,0003	35.841111	-78.643056
North Carolina,183,0011	35.774875	-78.63519
North Carolina,183,0013	35.838978	-78.674461
North Carolina,183,0014	35.856111	-78.574167
North Carolina,183,0015	35.790023	-78.619723
North Carolina,183,0016	35.596944	-78.7925
North Carolina,183,0019	35.708333	-78.808333
North Carolina,187,0002	35.85314	-76.744402
North Carolina,199,0003	35.737735	-82.285229
North Dakota,005,7001	47.978668	-99.006767
North Dakota,007,0002	46.8943	-103.37853
North Dakota,013,0004	48.64193	-102.4018
North Dakota,015,0003	46.825425	-100.76821
North Dakota,017,1004	46.933754	-96.85535
North Dakota,053,0002	47.5812	-103.2995
North Dakota,057,0004	47.298611	-101.766944
Ohio,017,0003	39.4938	-84.3543
Ohio,017,0014	39.484167	-84.395556
Ohio,017,0015	39.49072	-84.36374
Ohio,017,0019	39.478849	-84.407675
Ohio,017,0020	39.472436	-84.394952
Ohio,017,1004	39.528439	-84.3942
Ohio,029,0003	40.637241	-80.54395
Ohio,029,0019	40.631545	-80.547181
Ohio,029,0020	40.639595	-80.524019
Ohio,029,0022	40.635275	-80.546642
Ohio,031,0005	40.252041	-81.853546
Ohio,035,0038	41.477011	-81.682383
Ohio,035,0042	41.4823	-81.708906
Ohio,035,0045	41.471782	-81.656792
Ohio,035,0049	41.446342	-81.6507
Ohio,035,0050	41.442832	-81.649289
Ohio,035,0060	41.492117	-81.678449
Ohio,035,0061	41.473092	-81.676596
Ohio,035,0063	41.476352	-81.674981
Ohio,035,0067	41.38814	-81.635077
Ohio,035,0068	41.454782	-81.634419
Ohio,035,0069	41.519003	-81.637754
Ohio,035,0071	41.492508	-81.670032
Ohio,035,1002	41.39629	-81.818667
Ohio,035,1003	41.416389	-81.813056
Ohio,049,0001	39.9575	-83.006944
Ohio,049,0025	39.92845	-82.98104
Ohio,049,0034	40.002734	-82.994404
Ohio,049,0038	40.111101	-83.065452
Ohio,049,0039	39.928531	-82.980105
Ohio,049,0081	40.0877	-82.959773
Ohio,051,0001	41.57588	-83.9959
Ohio,051,5502	41.550019	-84.136469
Ohio,053,0003	38.950002	-82.108935
Ohio,061,0014	39.19433	-84.478974
Ohio,061,0040	39.12886	-84.50404
Ohio,061,0041	39.185967	-84.513719
Ohio,061,0042	39.10492	-84.55117
Ohio,061,0044	39.138374	-84.71157
Ohio,061,0045	39.170925	-84.518663
Ohio,061,0046	39.114126	-84.536297
Ohio,061,0047	39.131635	-84.707205
Ohio,061,8001	39.180527	-84.49215
Ohio,081,0017	40.36644	-80.61558
Ohio,081,1001	40.32207	-80.6063
Ohio,085,3002	41.72229	-81.24248
Ohio,087,0010	38.520043	-82.665331
Ohio,087,0012	38.508075	-82.659241
Ohio,087,5503	38.51814	-82.66877
Ohio,091,0003	40.343296	-83.75657
Ohio,093,0016	41.439458	-82.161501
Ohio,093,3002	41.463071	-82.114261
Ohio,095,0006	41.648056	-83.529167
Ohio,095,0026	41.62057	-83.64226
Ohio,095,0081	41.719483	-83.47515
Ohio,099,0014	41.095938	-80.658516
Ohio,113,0019	39.813889	-84.195
Ohio,113,0031	39.759533	-84.144201
Ohio,113,0032	39.760659	-84.187678
Ohio,113,0035	39.73855	-84.210917
Ohio,113,0036	39.747267	-84.2934
Ohio,113,0038	39.755969	-84.198674
Ohio,121,8001	39.940029	-81.3387
Ohio,123,0006	41.479182	-83.220425
Ohio,123,0007	41.486126	-83.20209
Ohio,123,0008	41.496126	-83.190701
Ohio,123,0009	41.539182	-83.212091
Ohio,123,0010	41.492515	-83.231258
Ohio,123,0011	41.493111	-83.223111
Ohio,123,0012	41.495848	-83.206812
Ohio,123,0013	41.496959	-83.20209
Ohio,123,0014	41.494737	-83.214313
Ohio,135,1001	39.83562	-84.72049
Ohio,143,0019	41.305556	-82.979611
Ohio,145,0013	38.75465	-82.917
Ohio,145,0020	38.609338	-82.822512
Ohio,145,0021	38.600611	-82.829782
Ohio,145,0022	38.588034	-82.834973
Ohio,151,0017	40.786878	-81.394186
Ohio,151,0020	40.800729	-81.373008
Ohio,151,1001	40.79736	-81.37621
Ohio,153,0014	41.079486	-81.516059
Ohio,153,0017	41.063526	-81.468956
Ohio,153,0023	41.087956	-81.541611
Ohio,155,5504	41.235061	-80.812667
Ohio,167,0006	39.374444	-81.525833
Ohio,167,0008	39.43147	-81.50131
Ohio,167,0009	39.376964	-81.537298
Ohio,167,0010	39.413598	-81.47062
Oklahoma,001,9009	35.750735	-94.669697
Oklahoma,017,0101	35.479215	-97.751503
Oklahoma,031,9000	34.732404	-98.713351
Oklahoma,045,0890	36.085552	-99.935774
Oklahoma,051,0065	34.877064	-97.707801
Oklahoma,071,0602	36.704761	-97.087656
Oklahoma,071,0603	36.697794	-97.0888
Oklahoma,071,9010	36.956222	-97.03135
Oklahoma,097,0187	36.292941	-95.303409
Oklahoma,097,9014	36.228408	-95.249943
Oklahoma,109,0006	35.436944	-97.400278
Oklahoma,109,0041	35.437641	-97.387254
Oklahoma,109,0042	35.380316	-97.40572
Oklahoma,109,0097	35.50307	-97.577981
Oklahoma,109,1037	35.614131	-97.475083
Oklahoma,143,0172	36.164435	-95.985204
Oklahoma,143,0179	36.15483	-96.015845
Oklahoma,143,0191	36.141697	-95.983793
Oklahoma,143,0235	36.126945	-95.998941
Oklahoma,143,1127	36.204902	-95.976537
Oregon,005,0102	45.28845	-121.782775
Oregon,009,0004	45.768531	-122.7721
Oregon,013,0100	44.299787	-120.844773
Oregon,017,0120	44.063916	-121.312554
Oregon,029,0133	42.31411	-122.87923
Oregon,029,1001	42.535958	-122.876155
Oregon,029,2129	42.33155	-122.880266
Oregon,029,3001	42.321495	-122.879746
Oregon,033,0010	42.104278	-123.681083
Oregon,035,0004	42.190296	-121.731369
Oregon,035,8001	42.91	-122.139722
Oregon,037,0001	42.189215	-120.353969
Oregon,039,0059	44.067224	-123.141352
Oregon,039,0060	44.026312	-123.083737
Oregon,039,0062	44.0729	-123.1615
Oregon,039,0070	44.19982	-122.044547
Oregon,039,2013	43.744352	-122.480487
Oregon,041,5501	44.614926	-123.923389
Oregon,047,0041	44.943114	-123.005934
Oregon,051,0015	45.521667	-122.669444
Oregon,051,0030	45.49742	-122.67467
Oregon,051,0080	45.496641	-122.602877
Oregon,051,0244	45.535	-122.698889
Oregon,051,0246	45.56137	-122.6679
Oregon,051,2001	45.577175	-122.71775
Oregon,051,5502	45.539306	-122.669175
Oregon,061,0010	45.224748	-118.513962
Oregon,061,0119	45.339	-118.095206
Oregon,063,0002	45.079864	-116.844808
Oregon,067,0004	45.528501	-122.972398
Oregon,067,0111	45.470191	-122.816411
Pennsylvania,001,0001	39.92002	-77.30968
Pennsylvania,003,0002	40.499767	-80.071337
Pennsylvania,003,0008	40.46542	-79.960757
Pennsylvania,003,0021	40.413611	-79.941389
Pennsylvania,003,0031	40.443367	-79.990293
Pennsylvania,003,0064	40.323768	-79.868062
Pennsylvania,003,0067	40.375644	-80.169943
Pennsylvania,003,0116	40.473611	-80.077222
Pennsylvania,003,3007	40.294341	-79.885331
Pennsylvania,003,5503	40.49435	-80.09638
Pennsylvania,007,0007	40.673656	-80.317731
Pennsylvania,007,0014	40.747796	-80.316442
Pennsylvania,011,0009	40.320278	-75.926667
Pennsylvania,011,0010	40.392694	-75.925222
Pennsylvania,011,0011	40.38335	-75.9686
Pennsylvania,011,0015	40.350833	-75.935278
Pennsylvania,011,0031	40.416677	-75.935744
Pennsylvania,011,5504	40.357052	-75.934437
Pennsylvania,017,0012	40.107222	-74.882222
Pennsylvania,019,0020	41.0632	-80.0309
Pennsylvania,021,0011	40.309722	-78.915
Pennsylvania,027,0100	40.811389	-77.877028
Pennsylvania,029,0005	40.1914	-75.5699
Pennsylvania,029,0100	39.834461	-75.768242
Pennsylvania,043,0401	40.246992	-76.846988
Pennsylvania,045,0002	39.835556	-75.3725
Pennsylvania,045,0003	39.8969	-75.3539
Pennsylvania,045,0109	39.818715	-75.413973
Pennsylvania,049,0003	42.14175	-80.038611
Pennsylvania,049,0004	42.155833	-80.11333
Pennsylvania,049,0602	42.120561	-80.080318
Pennsylvania,069,2006	41.442778	-75.623056
Pennsylvania,071,0007	40.046667	-76.283333
Pennsylvania,077,0004	40.611944	-75.4325
Pennsylvania,085,9000	41.426911	-80.145067
Pennsylvania,091,0002	40.1181	-75.4114
Pennsylvania,091,0005	40.19255	-75.45754
Pennsylvania,091,0006	40.1833	-75.4342
Pennsylvania,091,0013	40.112222	-75.309167
Pennsylvania,091,0015	40.1964	-75.4658
Pennsylvania,095,0025	40.628056	-75.341111
Pennsylvania,099,0301	40.456944	-77.165556
Pennsylvania,101,0004	40.008889	-75.09778
Pennsylvania,101,0014	40.049616	-75.240822
Pennsylvania,101,0047	39.944651	-75.165206
Pennsylvania,101,0048	39.991389	-75.080833
Pennsylvania,101,0055	39.922867	-75.186921
Pennsylvania,101,0063	39.88294	-75.21965
Pennsylvania,101,0076	39.988842	-75.206817
Pennsylvania,101,0136	39.9275	-75.222778
Pennsylvania,101,1001	40.036389	-75.0025
Pennsylvania,101,1002	40.035985	-75.002405
Pennsylvania,115,0001	41.6972	-75.9145
Pennsylvania,119,0001	40.95517	-76.88189
Pennsylvania,125,0005	40.146667	-79.902222
Pennsylvania,125,5001	40.445278	-80.420833
Pennsylvania,125,5200	40.268963	-80.243995
Pennsylvania,129,0008	40.304694	-79.505667
Pennsylvania,131,0001	41.5658	-76.0643
Pennsylvania,133,0008	39.965278	-76.699444
Puerto Rico,017,0003	18.436764	-66.58002
Puerto Rico,021,0006	18.417315	-66.150293
Puerto Rico,021,0010	18.420089	-66.150615
Puerto Rico,061,0001	18.425652	-66.115846
Puerto Rico,113,0002	18.014281	-66.611694
Puerto Rico,137,0001	18.449167	-66.181667
Rhode Island,003,0002	41.615237	-71.72
Rhode Island,003,0011	41.73669	-71.43635
Rhode Island,003,0012	41.737969	-71.41441
Rhode Island,003,0013	41.7055	-71.37752
Rhode Island,003,0014	41.70549	-71.44176
Rhode Island,003,0015	41.715811	-71.43755
Rhode Island,007,0022	41.807776	-71.415105
Rhode Island,007,0024	41.783381	-71.383488
Rhode Island,007,0025	41.800071	-71.416853
Rhode Island,007,0026	41.874668	-71.379971
Rhode Island,007,0029	41.816435	-71.437899
Rhode Island,007,1010	41.841039	-71.36097
South Carolina,001,0001	34.325318	-82.386376
South Carolina,003,1001	33.432534	-81.892333
South Carolina,007,0001	34.503778	-82.652939
South Carolina,013,0001	32.436537	-80.677023
South Carolina,013,0007	32.434882	-80.677853
South Carolina,019,0001	32.783765	-79.952454
South Carolina,019,0003	32.882289	-79.977538
South Carolina,019,0019	32.826265	-79.938856
South Carolina,019,0037	32.733889	-79.966389
South Carolina,019,0046	32.941023	-79.657187
South Carolina,019,0047	32.844606	-79.948036
South Carolina,019,0049	32.790984	-79.958694
South Carolina,019,5501	32.85395	-79.97042
South Carolina,025,0001	34.615367	-80.198787
South Carolina,033,0001	34.420552	-79.37651
South Carolina,037,0001	33.739963	-81.853635
South Carolina,041,0001	34.197944	-79.798851
South Carolina,041,0002	34.167636	-79.850404
South Carolina,043,0001	33.377165	-79.289464
South Carolina,043,0002	33.370549	-79.29758
South Carolina,043,0006	33.362014	-79.294251
South Carolina,043,0007	33.347903	-79.298192
South Carolina,043,0008	33.381265	-79.28477
South Carolina,043,0009	33.373994	-79.285697
South Carolina,043,0010	33.367807	-79.298399
South Carolina,043,8001	33.36638	-79.297257
South Carolina,045,0008	34.838814	-82.402918
South Carolina,045,0009	34.899141	-82.31307
South Carolina,045,0015	34.843895	-82.414585
South Carolina,045,1002	34.870243	-82.419309
South Carolina,045,2002	34.939786	-82.22961
South Carolina,045,8001	34.937784	-82.262926
South Carolina,045,8002	34.939722	-82.258333
South Carolina,047,0001	34.179381	-82.152241
South Carolina,047,0002	34.165204	-82.160479
South Carolina,047,0003	34.212869	-82.173149
South Carolina,049,0001	32.875572	-81.115305
South Carolina,049,0002	32.881347	-81.108251
South Carolina,051,0002	33.702771	-78.877478
South Carolina,055,0001	34.249346	-80.608953
South Carolina,059,0001	34.504293	-82.021004
South Carolina,063,0002	34.070724	-81.173549
South Carolina,063,0004	33.798434	-81.102941
South Carolina,063,0005	33.785602	-81.119776
South Carolina,063,0008	34.051017	-81.15495
South Carolina,063,1002	33.969004	-81.065326
South Carolina,079,0003	34.007389	-81.052438
South Carolina,079,0006	34.007398	-81.02329
South Carolina,079,0007	34.093959	-80.962304
South Carolina,079,0013	34.014443	-81.0417
South Carolina,079,0014	33.984969	-81.019667
South Carolina,079,0019	33.991509	-81.024141
South Carolina,079,0020	34.015494	-81.034179
South Carolina,079,0021	33.81468	-80.781135
South Carolina,079,1002	34.132628	-80.876002
South Carolina,079,1003	34.024497	-81.036248
South Carolina,079,1006	33.817902	-80.826596
South Carolina,083,0001	34.947726	-81.932555
South Carolina,083,0004	34.939167	-81.897778
South Carolina,083,0007	34.883731	-81.974068
South Carolina,083,0008	34.879311	-81.965825
South Carolina,085,0001	33.922369	-80.337735
South Carolina,091,0005	34.963013	-81.000894
South Carolina,091,0006	34.935817	-81.228409
South Dakota,033,0003	43.768683	-103.584732
South Dakota,033,0132	43.55764	-103.48386
South Dakota,071,0001	43.74561	-101.941218
South Dakota,099,0006	43.544289	-96.726435
South Dakota,099,0007	43.537626	-96.682001
South Dakota,099,0008	43.54792	-96.700769
South Dakota,127,0001	42.751518	-96.707208
Tennessee,009,0101	35.63348	-83.941606
Tennessee,037,0010	36.152222	-86.807778
Tennessee,037,0011	36.205	-86.744722
Tennessee,037,0023	36.176326	-86.738902
Tennessee,043,0008	36.047778	-87.342778
Tennessee,043,0010	36.059907	-87.352381
Tennessee,065,4002	35.050918	-85.293019
Tennessee,093,0022	35.968734	-83.911379
Tennessee,093,0027	35.983056	-83.952253
Tennessee,093,1017	35.978074	-83.950666
Tennessee,093,1020	36.019186	-83.87381
Tennessee,099,0002	35.115968	-87.469954
Tennessee,105,0108	35.744539	-84.317057
Tennessee,105,0109	35.720894	-84.342193
Tennessee,125,1009	36.514627	-87.328041
Tennessee,145,0104	35.873152	-84.689646
Tennessee,145,1001	35.916761	-84.503624
Tennessee,145,1007	35.868889	-84.698056
Tennessee,157,0010	35.09583	-90.07006
Tennessee,157,0024	35.151194	-90.041559
Tennessee,157,0040	35.165278	-90.040556
Tennessee,157,0047	35.168894	-90.021537
Tennessee,157,0075	35.151699	-89.850249
Tennessee,163,1007	36.538761	-82.521599
Tennessee,165,0007	36.29756	-86.653137
Tennessee,167,0102	35.554167	-89.645
Tennessee,167,0103	35.546667	-89.648333
Texas,005,5501	31.17991	-94.79049
Texas,029,0051	29.445046	-98.406501
Texas,029,0677	29.423944	-98.580499
Texas,039,1003	29.010841	-95.397744
Texas,043,0002	30.3658	-103.6491
Texas,043,0101	29.30265	-103.17781
Texas,061,0006	25.892518	-97.49383
Texas,061,2004	26.069615	-97.1622
Texas,065,1001	35.1825	-101.621944
Texas,109,0101	31.833333	-104.809722
Texas,113,0018	32.744981	-96.781883
Texas,113,0045	32.919722	-96.808056
Texas,113,0050	32.774262	-96.797686
Texas,113,0057	32.778889	-96.873056
Texas,113,0066	32.739722	-96.782778
Texas,113,0069	32.820061	-96.860117
Texas,113,0070	32.764722	-96.929444
Texas,113,1006	32.910556	-96.669167
Texas,113,5502	32.750557	-96.8058
Texas,121,0034	33.219069	-97.196284
Texas,121,1007	33.045862	-97.130002
Texas,121,1013	33.13093	-97.29765
Texas,135,0003	31.836575	-102.342037
Texas,135,0004	31.826389	-102.308333
Texas,135,1014	31.870253	-102.334756
Texas,139,0007	32.531667	-96.991389
Texas,139,0015	32.436944	-97.025
Texas,139,0016	32.482083	-97.026899
Texas,139,0017	32.473611	-97.0425
Texas,139,1044	32.175417	-96.870189
Texas,141,0001	31.760833	-106.483333
Texas,141,0002	31.757654	-106.482922
Texas,141,0010	31.899722	-106.4125
Texas,141,0027	31.763076	-106.486712
Texas,141,0028	31.753611	-106.403889
Texas,141,0033	31.776944	-106.501667
Texas,141,0037	31.768291	-106.50126
Texas,141,0041	31.760538	-106.500449
Texas,141,0044	31.765685	-106.455227
Texas,141,0047	31.775942	-106.413177
Texas,141,0053	31.758532	-106.501045
Texas,141,0055	31.746775	-106.402806
Texas,141,0057	31.6675	-106.288
Texas,141,0058	31.893913	-106.425827
Texas,141,1011	31.758476	-106.407346
Texas,141,9001	31.6869	-106.3228
Texas,167,0005	29.385234	-94.93152
Texas,167,0014	29.263319	-94.856568
Texas,167,0053	29.39	-94.919444
Texas,167,1002	29.398611	-94.933333
Texas,167,1034	29.254474	-94.861289
Texas,183,0001	32.378682	-94.711811
Texas,201,0024	29.901036	-95.326137
Texas,201,0026	29.802707	-95.125495
Texas,201,0029	30.039524	-95.673951
Texas,201,0030	29.854288	-95.128711
Texas,201,0036	29.7761	-95.1051
Texas,201,0055	29.695729	-95.499219
Texas,201,0057	29.734231	-95.238469
Texas,201,0058	29.770698	-95.031232
Texas,201,0061	29.615001	-95.018132
Texas,201,0064	29.699444	-95.268889
Texas,201,0069	29.706249	-95.26113
Texas,201,0307	29.718799	-95.259909
Texas,201,0803	29.764788	-95.178538
Texas,201,0807	29.768889	-95.0175
Texas,201,1015	29.761653	-95.081386
Texas,201,1034	29.767997	-95.220582
Texas,201,1035	29.733726	-95.257593
Texas,201,1037	29.751111	-95.361389
Texas,201,1039	29.670025	-95.128508
Texas,201,1041	29.751667	-95.083611
Texas,201,1049	29.716611	-95.222467
Texas,201,5503	29.93939	-95.65133
Texas,201,5504	29.7068	-95.1175
Texas,201,5505	29.75273	-95.37244
Texas,201,6000	29.68436	-95.253598
Texas,203,0002	32.668987	-94.167457
Texas,215,0042	26.309858	-98.183101
Texas,215,0043	26.22621	-98.291069
Texas,215,1048	26.131081	-97.937265
Texas,231,1006	33.153088	-96.115572
Texas,243,0004	30.669362	-104.024657
Texas,245,0009	30.036422	-94.071061
Texas,245,0011	29.897516	-93.991084
Texas,245,0014	29.961124	-93.895928
Texas,245,0017	29.982531	-93.952866
Texas,245,0018	29.942798	-94.00077
Texas,245,0019	29.893849	-93.979262
Texas,245,0020	30.06607	-94.077383
Texas,245,0021	29.922894	-93.909018
Texas,245,0022	29.863957	-94.317802
Texas,245,1035	29.978926	-94.010872
Texas,245,1050	30.067116	-94.090924
Texas,245,4007	29.986667	-93.954167
Texas,251,1008	32.469701	-97.169271
Texas,257,0005	32.564968	-96.317687
Texas,273,0314	27.426981	-97.298692
Texas,303,0001	33.590851	-101.847594
Texas,303,0325	33.590764	-101.850419
Texas,339,0078	30.350302	-95.425128
Texas,339,0089	30.353889	-95.421667
Texas,355,0020	27.806944	-97.454167
Texas,355,0029	27.807544	-97.419258
Texas,355,0030	27.807778	-97.434444
Texas,355,0032	27.804505	-97.431582
Texas,355,0034	27.811817	-97.465703
Texas,355,0083	27.802888	-97.419878
Texas,361,1001	30.085263	-93.761341
Texas,361,1100	30.194167	-93.866944
Texas,423,0005	32.492222	-95.183333
Texas,439,0057	32.706944	-97.093611
Texas,439,0075	32.987891	-97.477175
Texas,439,1002	32.805818	-97.356568
Texas,439,1009	32.621136	-97.290353
Texas,439,3002	32.943611	-97.069722
Texas,439,3004	32.923611	-97.043889
Texas,439,3005	32.926111	-97.043611
Texas,439,3009	32.98426	-97.063721
Texas,439,3011	32.656357	-97.088585
Texas,453,0016	30.265278	-97.709444
Texas,453,0017	30.264167	-97.746111
Texas,453,0020	30.483168	-97.872301
Texas,453,0021	30.263208	-97.712883
Texas,453,7000	30.2632	-97.7131
Texas,453,7001	30.3544	-97.7602
Texas,453,7002	30.2322	-97.7444
Texas,453,7003	30.3926	-97.7285
Texas,479,0016	27.517449	-99.515219
Texas,479,0017	27.501826	-99.502984
Texas,491,7004	30.5326	-97.6849
Texas,497,0088	33.221721	-97.584445
Utah,011,0001	40.886389	-111.882222
Utah,011,0004	40.902967	-111.884467
Utah,017,0101	37.618383	-112.174368
Utah,019,0101	38.778333	-109.5975
Utah,035,3006	40.736389	-111.872222
Utah,035,3007	40.704444	-111.968611
Utah,037,0101	38.45832	-109.82126
Utah,049,4001	40.341389	-111.713611
Utah,049,9000	40.444843	-111.708885
Utah,053,0130	37.1983	-113.1506
Utah,053,9000	37.459079	-113.225096
Utah,055,9000	38.302177	-111.293349
Vermont,003,8001	43.148176	-73.126323
Vermont,005,0002	44.539444	-72.010833
Vermont,007,0003	44.478889	-73.211944
Vermont,007,0007	44.52839	-72.86884
Vermont,007,0010	0	0
Vermont,007,0012	44.480278	-73.214444
Vermont,007,0014	44.4762	-73.2106
Vermont,007,0016	44.475997	-73.2061
Vermont,007,0017	44.475747	-73.206233
Vermont,007,0018	44.475894	-73.210478
Vermont,007,0019	44.4753	-73.211012
Vermont,007,0020	44.476234	-73.212606
Vermont,007,0021	44.467681	-73.177867
Vermont,007,0022	44.478449	-73.196594
Vermont,007,0023	44.483603	-73.217536
Vermont,007,0024	44.462354	-73.115962
Vermont,007,0025	44.459249	-73.221471
Vermont,007,0026	44.462411	-73.186101
Vermont,021,0002	43.608056	-72.982778
Vermont,023,3001	44.195278	-72.497222
Vermont,025,0004	42.888889	-72.554167
Vermont,025,9000	42.9561	-72.9098
Virgin Islands,010,0008	17.708308	-64.793479
Virgin Islands,010,0012	17.712474	-64.784868
Virgin Islands,010,0019	17.725278	-64.780278
Virgin Islands,020,0001	18.336389	-64.796389
Virginia,013,0020	38.8577	-77.05922
Virginia,033,0001	38.20087	-77.37742
Virginia,059,0030	38.77335	-77.10468
Virginia,069,0011	39.131777	-78.199528
Virginia,069,0012	39.256638	-78.090222
Virginia,087,0014	37.55652	-77.40027
Virginia,113,0003	38.5231	-78.43471
Virginia,139,0004	38.66373	-78.50442
Virginia,163,0003	37.62668	-79.51257
Virginia,163,9001	37.616758	-79.483058
Virginia,520,0006	36.608	-82.1641
Virginia,650,0004	37.000983	-76.398633
Virginia,670,0008	0	0
Virginia,670,0010	37.289616	-77.291816
Virginia,710,0024	36.85555	-76.30135
Virginia,760,0020	37.510556	-77.498333
Virginia,770,0012	0	0
Virginia,770,0014	37.256111	-79.985
Virginia,810,0008	36.841883	-76.181233
Virginia,840,0002	39.18397	-78.16308
Washington,003,0333	46.384783	-117.105279
Washington,009,0013	48.29786	-124.62491
Washington,009,0014	48.37182	-124.59519
Washington,009,0020	48.006295	-122.973953
Washington,011,0011	45.616667	-122.516667
Washington,011,0013	45.648333	-122.586944
Washington,011,0023	45.64987	-122.5901
Washington,011,0030	45.641683	-122.681233
Washington,015,0006	46.119444	-122.945833
Washington,015,5501	46.12784	-122.9596
Washington,033,0010	47.5525	-122.064722
Washington,033,0020	47.468333	-122.299444
Washington,033,0024	47.755	-122.2806
Washington,033,0030	47.597222	-122.319722
Washington,033,0032	47.545556	-122.322222
Washington,033,0034	47.600833	-122.314444
Washington,033,0035	47.599444	-122.326111
Washington,033,0038	47.688863	-122.313346
Washington,033,0048	47.6153	-122.33
Washington,033,0057	47.55975	-122.338265
Washington,033,0080	47.568236	-122.308628
Washington,033,5502	47.52373	-122.325
Washington,037,0004	47.399815	-121.427096
Washington,039,0003	45.666204	-121.000708
Washington,039,0010	45.749818	-121.401159
Washington,041,0007	46.624184	-121.388064
Washington,047,0012	48.387531	-119.928671
Washington,053,0029	47.1864	-122.4517
Washington,053,0031	47.2656	-122.3858
Washington,053,0034	47.226666	-122.412166
Washington,053,1004	47.253611	-122.435
Washington,053,1010	46.75838	-122.12429
Washington,061,1007	48.054315	-122.171529
Washington,063,0016	47.660743	-117.358121
Washington,063,0050	47.695447	-117.370303
Washington,063,0051	47.799851	-117.801091
Washington,063,0052	47.665122	-117.429093
Washington,063,0053	47.6822	-117.3048
Washington,073,0016	48.763056	-122.475833
Washington,073,0020	48.953105	-122.559868
Washington,073,0022	48.73142	-121.065815
Washington,077,0009	46.598056	-120.499167
West Virginia,009,5501	40.335643	-80.595323
West Virginia,039,0010	38.3456	-81.628317
West Virginia,039,0011	38.448833	-81.684717
West Virginia,039,0020	38.346258	-81.621161
West Virginia,039,1005	38.366183	-81.693717
West Virginia,051,1002	39.915961	-80.733858
West Virginia,061,0003	39.649367	-79.920867
West Virginia,069,0010	40.114876	-80.700972
West Virginia,089,0001	37.773056	-80.706667
West Virginia,093,9000	39.105336	-79.425851
Wisconsin,009,0005	44.50729	-87.99344
Wisconsin,009,0021	44.513056	-88.018333
Wisconsin,009,0023	44.534722	-87.991389
Wisconsin,025,0024	43.072222	-89.381944
Wisconsin,025,0025	43.081944	-89.376667
Wisconsin,025,0041	43.100838	-89.357298
Wisconsin,027,0001	43.466111	-88.621111
Wisconsin,027,0007	43.435	-88.527778
Wisconsin,041,0007	45.565	-88.8086
Wisconsin,059,0019	42.504722	-87.8093
Wisconsin,071,0007	44.138619	-87.6161
Wisconsin,071,0011	44.0876	-87.6589
Wisconsin,079,0010	43.016667	-87.933333
Wisconsin,079,0026	43.060975	-87.913504
Wisconsin,079,0041	43.075	-87.884
Wisconsin,079,0064	43.016944	-87.918056
Wisconsin,079,0099	43.039871	-87.920794
Wisconsin,089,0009	43.49806	-87.81
Wisconsin,119,8001	45.2066	-90.5972
Wisconsin,125,0001	46.052	-89.653
Wisconsin,133,0018	43.018889	-88.219722
Wisconsin,133,0027	43.020075	-88.21507
Wisconsin,135,0004	44.35288	-89.05083
Wisconsin,141,0016	44.3825	-89.819167
Wyoming,001,9000	41.366166	-106.242427
Wyoming,005,0123	44.6522	-105.2903
Wyoming,019,9000	44.33344	-106.957181
Wyoming,021,0100	41.182227	-104.778334
Wyoming,029,9002	44.744723	-109.382366
Wyoming,035,9000	42.974831	-109.758655
Wyoming,035,9001	42.846483	-109.639733
Wyoming,039,9000	44.565217	-110.400996
Wyoming,039,9001	44.565317	-110.401096
